89 188 89 188
89 89 5.30869484778277e+00
89 90 -1.90857658822576e-01
89 93 -3.93650611874354e-01
89 94 -1.40289900212600e-02
89 96 -2.52437661386673e-03
89 99 -7.70370370370371e-02
89 100 -1.07407407407407e+00
89 101 -2.01341303960104e-01
89 103 -2.04612731849076e-01
89 104 -3.16780779448635e-02
89 107 -3.82018045331723e-03
89 110 -3.70370370370371e-02
89 111 -2.98685782556750e-04
89 114 -3.04612087766210e-03
89 115 -1.77873026884473e-02
89 117 -3.69409926584167e-03
89 118 -1.23074089542550e-02
89 125 -1.44364794902429e-03
89 0 -1.01317663817664e-02
89 1 -1.15740740740741e-03
89 4 -4.02006172839506e-02
89 7 -4.00000000000000e-02
89 8 -3.39822728711618e-01
89 9 -3.52707519952288e-01
89 13 -3.35648148148148e-03
89 15 -7.31208392088022e-02
89 18 -7.40740740740741e-02
89 23 -4.15263748597082e-02
89 24 -6.73400673400674e-03
89 190 -3.14208280144062e-02
89 191 -5.01021312675839e-03
89 192 -3.17287280272266e-03
89 195 -1.16622345550545e-02
89 198 -1.10686711189660e-02
89 246 -1.00204262535168e-03
90 90 5.48372056794738e+00
90 89 -1.90857658822576e-01
90 91 -1.05203703703704e+00
90 93 -1.65533666351267e-02
90 94 -1.88191706327577e-01
90 96 -7.61889621150807e-03
90 101 -3.68469314838115e-01
90 102 -5.20370370370371e-02
90 103 -3.69927788435296e-02
90 104 -3.67173361829412e-01
90 105 -5.07765830346476e-02
90 111 -9.61538461538463e-03
90 112 -2.27272727272728e-02
90 115 -3.45910584706978e-02
90 116 -3.10606060606061e-02
90 118 -2.65691962606140e-02
90 123 -2.00320512820513e-02
90 126 -1.87500000000000e-02
90 134 -1.04166666666667e-02
90 1 -3.91865079365080e-03
90 4 -3.88007054673722e-03
90 9 -1.89361092716972e-01
90 10 -1.05961640211640e+00
90 13 -4.48633156966491e-03
90 14 -1.80621693121693e-02
90 15 -9.11295494628829e-03
90 23 -5.05050505050506e-03
90 24 -7.23622750706083e-02
90 25 -1.28703703703704e-02
90 30 -3.62654320987655e-03
90 190 -3.84680690019871e-02
90 192 -9.46023146607855e-03
90 193 -1.83065479631557e-03
90 194 -9.79271849025579e-03
91 91 5.46942862654321e+00
91 90 -1.05203703703704e+00
91 94 -1.00000000000000e+00
91 95 -1.79320489844683e-01
91 101 -5.76936026936027e-02
91 102 -3.78667107067612e-01
91 104 -5.20370370370371e-02
91 105 -1.74708905814417e-01
91 112 -5.67676767676768e-02
91 116 -5.67676767676768e-02
91 124 -2.35061728395062e-03
91 127 -1.15226337448560e-03
91 135 -2.54814814814815e-03
91 1 -1.84281909597770e-02
91 2 -2.45570923420819e-02
91 4 -1.06729860834550e-02
91 9 -5.65656565656566e-03
91 10 -1.95228132052303e-01
91 13 -7.70812867826010e-03
91 14 -2.38044752551141e-02
91 15 -7.95301481561936e-03
91 19 -1.69719971373270e-02
91 23 -2.51402918069585e-03
91 24 -1.74444556501897e-01
91 25 -4.26724276088437e-02
91 27 -9.16182131952742e-03
91 30 -1.85867162263817e-02
91 50 -2.10041152263375e-03
92 92 5.35206799254352e+00
92 93 -2.29917662901270e-02
92 97 -2.08770134706197e-01
92 98 -6.60199407729470e-02
92 99 -3.47112717421273e-02
92 107 1.27475551921244e-02
92 108 -7.32469633384443e-02
92 109 -5.68410873110694e-02
92 113 -2.11794134522850e-01
92 114 -1.62239087971518e-02
92 117 -4.54184531293459e-02
92 119 -3.69931288505691e-03
92 120 -2.08934782196431e-02
92 137 -6.31272653779591e-03
92 140 -3.01902605494350e-02
92 3 -3.82128647214854e-02
92 5 -9.97382080973892e-02
92 6 -2.70668611459455e-02
92 7 -1.59602977667494e-02
92 16 -1.11459828059930e-01
92 21 -3.53430619559652e-03
92 32 -1.32936507936508e-03
92 189 -2.19956376825457e-01
92 191 -3.30650942305469e-02
92 196 -8.58728985862281e-02
92 247 -3.69576283706530e-02
93 93 5.24265261776110e+00
93 89 -3.93650611874354e-01
93 90 -1.65533666351267e-02
93 92 -2.29917662901270e-02
93 94 -1.09379166165252e-02
93 96 -3.43006898678075e-03
93 97 -3.31135702383950e-02
93 98 -6.66756087110295e-02
93 99 -2.19455435524386e-01
93 100 -7.37728020175685e-02
93 101 -1.93499496225823e-02
93 103 -4.28833337251094e-01
93 104 -3.29199229745640e-02
93 107 -4.38058229512828e-02
93 109 -9.52451626331277e-03
93 110 -8.10881919416541e-02
93 111 -2.89818133545732e-03
93 113 -2.09457641037819e-02
93 114 -2.35593753516805e-01
93 115 -3.17491069606073e-02
93 117 -3.45469706179674e-02
93 118 -3.38027301830836e-02
93 120 -2.67508474690068e-02
93 121 -3.76646573527181e-03
93 125 -2.04575240695754e-02
93 131 -3.03066153997831e-03
93 138 -8.60763287015876e-03
93 148 -2.02044102665221e-03
93 5 -1.55831265508685e-02
93 6 -2.89231010083383e-02
93 7 -5.73663824513754e-02
93 8 -2.05679012345679e-01
93 9 -7.22626893282460e-03
93 18 -7.37728020175685e-02
93 21 -3.38370972512427e-03
93 22 -7.31538992408559e-03
93 34 -1.25406684412896e-03
93 189 -2.98354337688365e-02
93 190 -4.28163181758875e-02
93 191 -3.88971273509479e-02
93 192 -9.42256703814605e-03
93 195 -8.62067298398907e-02
93 197 -5.35032752997264e-02
93 198 -7.12977697602615e-02
93 200 -7.93963560147136e-03
93 245 -2.84348864994026e-03
93 246 -1.19759509769916e-02
94 94 5.64008609386638e+00
94 89 -1.40289900212600e-02
94 90 -1.88191706327577e-01
94 91 -1.00000000000000e+00
94 93 -1.09379166165252e-02
94 95 -1.00000000000000e+00
94 96 -2.22174191621382e-01
94 101 -1.48401411668841e-02
94 103 -2.72936747828973e-02
94 104 -2.05005319844822e-01
94 105 -1.05528673835125e+00
94 115 -1.21499320042504e-02
94 116 -6.79012345679013e-04
94 118 -8.45240509237958e-02
94 129 -1.69312169312169e-03
94 9 -6.41692681234825e-03
94 190 -4.71814145475510e-02
94 192 -2.93592071121431e-02
94 193 -1.20298887659276e-02
94 194 -6.60536725963366e-02
94 199 -4.97442680776014e-03
94 202 -4.55731922398589e-03
94 248 -5.78369460089890e-03
95 95 5.82812500000000e+00
95 91 -1.79320489844683e-01
95 94 -1.00000000000000e+00
95 96 -1.00000000000000e+00
95 102 -1.79320489844683e-01
95 105 -5.78703703703704e-04
95 106 -1.00000000000000e+00
95 1 -8.40053763440860e-04
95 2 -7.56048387096774e-03
95 4 -5.04032258064516e-04
95 10 -8.03614097968937e-03
95 14 -4.71475507765830e-03
95 19 -1.06406810035842e-03
95 24 -2.02546296296296e-03
95 25 -8.31802568697730e-03
96 96 5.50896885391107e+00
96 89 -2.52437661386673e-03
96 90 -7.61889621150807e-03
96 93 -3.43006898678075e-03
96 94 -2.22174191621382e-01
96 95 -1.00000000000000e+00
96 101 -4.61551833224137e-03
96 103 -1.62091113616218e-02
96 104 -6.13367050186553e-02
96 105 -4.72240890083631e-02
96 106 -2.12618644630293e-01
96 112 -7.39247311827957e-03
96 115 -8.77489650377051e-03
96 116 -5.16670815080314e-02
96 118 2.07956096286948e-03
96 128 -1.63466805961603e-02
96 129 -6.35394035827613e-02
96 136 -2.50510656337920e-04
96 139 -8.69629849858778e-04
96 150 -7.69425587323610e-04
96 9 -8.09342120476356e-04
96 190 -5.94338532002966e-02
96 192 -7.06806499558624e-02
96 193 -2.01162346504872e-01
96 194 -3.45263920642415e-01
96 199 -3.29750112561565e-02
96 202 -2.75351098790514e-02
96 206 -2.91546687661846e-03
96 248 -1.28362876155974e-02
97 97 5.25844339082414e+00
97 92 -2.08770134706197e-01
97 93 -3.31135702383950e-02
97 98 -1.11181499205693e+00
97 99 -2.02855196333458e-02
97 107 -1.63562737197513e-01
97 108 -1.88161404737294e-01
97 109 -1.06449074074074e+00
97 113 -1.22217411728674e-01
97 114 -1.23936047849092e-02
97 117 -2.92264780308259e-02
97 119 -3.57142857142858e-03
97 120 -2.31216931216931e-02
97 137 -5.21825396825397e-03
97 140 -2.11904761904762e-02
97 0 -2.94812440645774e-03
97 3 -2.62896851334236e-02
97 5 -3.78303405106290e-01
97 6 -5.13647642679901e-02
97 7 -9.72459639126307e-03
97 11 -1.50736402685327e-02
97 12 -2.13847026975241e-02
97 15 -5.24691358024692e-04
97 16 -3.80133960241088e-01
97 17 -1.78364197530864e-01
97 18 -5.86419753086420e-04
97 20 -1.79862320077374e-01
97 21 -6.46997929606626e-03
97 22 -5.86419753086420e-04
97 28 -1.22323391982111e-02
97 29 -2.68250134192163e-03
97 31 -1.07526881720430e-03
97 32 -1.78571428571429e-03
97 189 -4.45649803992407e-02
97 196 -4.57281753388539e-02
97 247 -6.94444444444445e-03
98 98 5.49042886808248e+00
98 92 -6.60199407729470e-02
98 93 -6.66756087110295e-02
98 97 -1.11181499205693e+00
98 99 -1.16762995985366e+00
98 107 -3.09904205704573e-01
98 109 -1.87311043652826e-01
98 110 -5.11243386243387e-02
98 113 -5.69089238642490e-02
98 114 -3.80325833413725e-02
98 117 -6.33212583953957e-02
98 119 -3.24263038548753e-03
98 120 -2.40746403579353e-01
98 121 -3.11161501637692e-03
98 125 -1.71957671957672e-03
98 131 -5.90729192911733e-03
98 137 -6.30661585621904e-03
98 138 -5.38254808096078e-03
98 140 -2.90890967498111e-02
98 142 -2.39894599815235e-03
98 148 -5.57852523725540e-03
98 5 -4.91315136476427e-02
98 6 -1.66274108209592e-01
98 7 -5.10967741935484e-02
98 17 -1.00000000000000e+00
98 21 -1.76538780386707e-01
98 22 -5.11243386243387e-02
98 32 -1.62131519274377e-03
98 34 -1.62131519274377e-03
98 39 -7.88139329805997e-04
98 189 -1.13851312290438e-02
98 191 -1.18822985316222e-02
98 196 -8.78512639623752e-03
98 197 -5.15873015873016e-03
98 200 -1.00423280423281e-02
98 201 -1.08295120517343e-02
99 99 5.09387625421052e+00
99 89 -7.70370370370371e-02
99 92 -3.47112717421273e-02
99 93 -2.19455435524386e-01
99 97 -2.02855196333458e-02
99 98 -1.16762995985366e+00
99 100 -1.83159778135624e-01
99 103 -1.03014552394585e-01
99 107 -1.70176549111834e-01
99 109 -6.22095698182655e-02
99 110 -3.50649713723385e-01
99 113 -2.51207729468599e-02
99 114 -1.80264533813613e-01
99 117 -1.69080974053746e-01
99 120 -5.37166436622956e-02
99 121 -5.20970575318402e-02
99 125 -5.76416337285903e-03
99 131 -5.48007246376812e-02
99 138 -1.33124725516030e-02
99 148 -8.75603864734300e-03
99 0 -1.72316094896740e-02
99 3 -5.91416813639036e-04
99 5 -9.72812372812374e-03
99 6 -5.33354910634013e-02
99 7 -3.60301449275362e-01
99 8 -7.96011396011397e-02
99 11 -6.64315108759554e-04
99 12 -2.09529381757058e-02
99 13 -8.84109916367981e-04
99 15 -1.16184896346187e-02
99 16 -4.52674897119342e-04
99 17 -1.78376543209877e-01
99 18 -3.63179406058477e-01
99 20 -5.67313345091123e-04
99 21 -5.18633540372671e-02
99 22 -3.47102156103208e-01
99 23 -1.25925925925926e-03
99 26 -4.80207088809240e-03
99 28 -2.65457659177466e-03
99 29 -1.12193961476336e-02
99 34 -4.71014492753624e-02
99 35 -1.04938271604938e-03
99 191 -2.76395715185886e-02
99 195 -2.28347608267793e-02
99 197 -1.13421550094518e-02
99 198 -1.87564859545536e-02
99 200 -1.12593324549846e-02
100 100 5.66872427983539e+00
100 89 -1.07407407407407e+00
100 93 -7.37728020175685e-02
100 99 -1.83159778135624e-01
100 101 -1.04545454545455e+00
100 103 -1.04375759357241e+00
100 107 -1.19982278114323e-02
100 110 -1.64609053497942e-01
100 111 -1.00000000000000e+00
100 114 -4.62654107984221e-02
100 117 -1.07605926607537e-02
100 7 -8.88888888888890e-03
100 8 -7.40740740740741e-02
100 9 -8.24915824915825e-02
100 15 -2.04264870931538e-01
100 18 -3.31275720164609e-01
100 23 -1.86868686868687e-01
100 24 -3.03030303030303e-02
100 195 -4.27983539094651e-03
100 198 -5.60258671369783e-03
101 101 5.11115992874380e+00
101 89 -2.01341303960104e-01
101 90 -3.68469314838115e-01
101 91 -5.76936026936027e-02
101 93 -1.93499496225823e-02
101 94 -1.48401411668841e-02
101 96 -4.61551833224137e-03
101 100 -1.04545454545455e+00
101 102 -5.76936026936027e-02
101 103 -2.08575529192291e-01
101 104 -3.97199887039088e-01
101 105 -5.09048821548822e-02
101 107 -8.08641975308642e-04
101 111 -1.80423764269918e-01
101 112 -3.32167832167833e-02
101 114 -2.66644620811288e-03
101 115 -3.87196634155243e-01
101 116 -4.92424242424243e-02
101 117 -2.16578483245150e-03
101 118 -3.88959820703592e-02
101 123 -2.23203131367467e-01
101 125 -4.34259259259259e-03
101 126 -3.69902319902320e-02
101 129 -5.95238095238096e-04
101 134 -2.00320512820513e-02
101 1 -1.24684343434344e-02
101 4 -6.53468445135112e-02
101 8 -1.01010101010101e-02
101 9 -3.58671476779981e-01
101 10 -1.23930976430977e-01
101 13 -8.13628809462144e-02
101 14 -3.95917508417509e-02
101 15 -6.60759498638286e-02
101 18 -4.54545454545455e-02
101 23 -1.22530903439994e-01
101 24 -2.50386858619667e-01
101 25 -1.98905723905724e-02
101 30 -5.46556571935360e-02
101 41 -2.28862047043866e-02
101 190 -4.12233551788414e-02
101 192 -8.85433126501459e-03
101 194 -4.52314814814815e-03
101 195 -6.59259259259260e-03
101 198 -1.21494708994709e-02
101 203 -4.87764550264551e-03
101 249 -5.69444444444445e-03
102 102 5.46942862654321e+00
102 90 -5.20370370370371e-02
102 91 -3.78667107067612e-01
102 95 -1.79320489844683e-01
102 101 -5.76936026936027e-02
102 104 -5.20370370370371e-02
102 105 -1.74708905814417e-01
102 106 -1.00000000000000e+00
102 112 -1.05676767676768e+00
102 116 -5.67676767676768e-02
102 124 -3.35651391939980e-03
102 127 -1.15226337448560e-03
102 135 -2.54814814814815e-03
102 1 -1.35264682172634e-02
102 2 -2.45570923420819e-02
102 4 -1.01903355522440e-02
102 9 -5.65656565656566e-03
102 10 -3.69163426354149e-02
102 13 -6.08726049825214e-03
102 14 -2.21443989457141e-02
102 15 -6.94146563202717e-03
102 19 -1.67602192824690e-02
102 23 -2.51402918069585e-03
102 24 -1.74539339456895e-01
102 25 -1.96340134858237e-01
102 27 -1.31622838007391e-02
102 30 -2.09932115180660e-02
102 45 -1.68343161059082e-03
102 50 -2.10041152263375e-03
103 103 5.21470067548518e+00
103 89 -2.04612731849076e-01
103 90 -3.69927788435296e-02
103 93 -4.28833337251094e-01
103 94 -2.72936747828973e-02
103 96 -1.62091113616218e-02
103 99 -1.03014552394585e-01
103 100 -1.04375759357241e+00
103 101 -2.08575529192291e-01
103 104 -2.30482530323529e-01
103 105 -8.28703703703704e-03
103 107 -9.03646987382344e-02
103 110 -4.37575935724084e-02
103 111 -1.84916605033092e-01
103 114 -4.16440939309020e-01
103 115 -4.07629685285920e-01
103 117 -8.08107695923868e-02
103 118 -8.53361764628729e-02
103 121 -3.91748971193416e-03
103 123 -4.34259259259259e-03
103 125 -2.28171237755689e-01
103 126 -9.71913580246914e-03
103 129 -6.20370370370371e-03
103 133 -1.93930041152264e-03
103 138 -2.13201499118166e-02
103 160 -2.53600823045268e-03
103 9 -1.50880641307280e-02
103 18 -4.37575935724084e-02
103 190 1.51025885194456e-02
103 191 -7.25233928305784e-02
103 192 -5.93905819354245e-02
103 194 -2.20809670781893e-02
103 195 -5.00698663417418e-02
103 197 -2.27352196917415e-02
103 198 -5.23329574566517e-02
103 200 -2.34271751910641e-02
103 203 -7.80891975308643e-02
103 205 -1.21708847736626e-02
103 246 -1.66459937565036e-02
103 249 -8.74477366255145e-02
103 251 -3.36689300411523e-02
104 104 5.11100379983984e+00
104 89 -3.16780779448635e-02
104 90 -3.67173361829412e-01
104 91 -5.20370370370371e-02
104 93 -3.29199229745640e-02
104 94 -2.05005319844822e-01
104 96 -6.13367050186553e-02
104 101 -3.97199887039088e-01
104 102 -5.20370370370371e-02
104 103 -2.30482530323529e-01
104 105 -1.11178208738693e+00
104 107 -2.17434842249657e-03
104 111 -1.88015194681862e-02
104 112 -3.18181818181819e-02
104 114 -7.16977758181462e-03
104 115 -4.01252039652494e-01
104 116 -2.08674148896371e-01
104 117 -5.82355477170292e-03
104 118 -4.23748616334999e-01
104 123 -3.71780626780627e-02
104 125 -1.16767489711934e-02
104 126 -1.97342151675485e-01
104 129 -8.67007642563199e-03
104 134 -1.87500000000000e-02
104 1 -3.91865079365080e-03
104 4 -3.88007054673722e-03
104 9 -2.49328901722242e-02
104 10 -5.96164021164022e-02
104 13 -4.48633156966491e-03
104 14 -1.80621693121693e-02
104 15 -9.11295494628829e-03
104 23 -5.05050505050506e-03
104 24 -1.40077892786226e-01
104 25 -1.28703703703704e-02
104 30 -3.62654320987655e-03
104 190 -6.21307323659157e-02
104 192 -2.71761069202029e-02
104 193 -1.13965855917527e-02
104 194 -6.89074117355220e-02
104 195 -2.65004115226338e-02
104 198 -4.13916225749559e-02
104 199 -1.24446208112875e-02
104 202 -2.07410346854791e-02
104 203 -2.21638888888889e-02
104 248 -8.50852439741329e-03
104 249 -4.52434156378601e-02
105 105 5.65316358024691e+00
105 90 -5.07765830346476e-02
105 91 -1.74708905814417e-01
105 94 -1.05528673835125e+00
105 95 -5.78703703703704e-04
105 96 -4.72240890083631e-02
105 101 -5.09048821548822e-02
105 102 -1.74708905814417e-01
105 103 -8.28703703703704e-03
105 104 -1.11178208738693e+00
105 106 -1.04764038231780e+00
105 112 -5.31932225480613e-02
105 115 -5.62500000000001e-03
105 116 -1.10383539698056e+00
105 118 -7.37542136030038e-02
105 124 -1.04938271604938e-03
105 127 -5.14403292181070e-04
105 128 -7.61648745519714e-03
105 129 -6.46697388632873e-02
105 135 -1.13756613756614e-03
105 1 -3.23505148773966e-03
105 2 -5.68623058542414e-03
105 4 -2.62053314622012e-03
105 9 -2.52525252525253e-03
105 10 -8.03959601562648e-03
105 13 -1.99392514207329e-03
105 14 -7.12958221918796e-03
105 15 -2.64728412876561e-03
105 19 -4.04482183156018e-03
105 23 -1.12233445566779e-03
105 24 -1.37445397537990e-01
105 25 -9.76647394322125e-03
105 27 -3.22604350382128e-03
105 30 -6.06212032137958e-03
105 50 -9.37683715461494e-04
105 190 -4.82647422768391e-02
105 192 -4.73440433521079e-02
105 193 -1.39358252261478e-02
105 194 -7.27727641235706e-02
105 199 -2.46300563236047e-02
105 202 -2.02910052910053e-02
105 248 -5.42328042328043e-03
106 106 5.64542678879596e+00
106 95 -1.00000000000000e+00
106 96 -2.12618644630293e-01
106 102 -1.00000000000000e+00
106 105 -1.04764038231780e+00
106 112 -1.77419354838710e-01
106 116 -1.89101287667596e-01
106 118 -6.11185782556751e-02
106 128 -1.90057755094175e-01
106 129 -2.86967756617427e-02
106 136 -3.85401009750646e-04
106 139 -1.33789207670581e-03
106 150 -1.18373167280555e-03
106 194 -2.38016651464738e-01
106 199 -1.59470985115568e-02
106 202 -8.31903373237632e-03
106 206 -4.48533365633609e-03
107 107 5.84097586709882e+00
107 89 -3.82018045331723e-03
107 92 1.27475551921245e-02
107 93 -4.38058229512828e-02
107 97 -1.63562737197513e-01
107 98 -3.09904205704573e-01
107 99 -1.70176549111834e-01
107 100 -1.19982278114323e-02
107 101 -8.08641975308642e-04
107 103 -9.03646987382344e-02
107 104 -2.17434842249657e-03
107 108 -1.42318625633420e-02
107 109 -1.25181427525668e-01
107 110 -3.69292146989410e-02
107 111 -1.07818930041152e-03
107 113 -7.07100583124909e-02
107 114 -7.05805765414006e-02
107 115 -6.31639231824417e-03
107 117 -5.29510817498020e-01
107 118 -6.70274348422497e-03
107 119 -2.52225384083568e-02
107 120 -1.30392755810869e-01
107 121 -1.28676690331625e-02
107 125 -1.75234238714110e-02
107 131 -2.38715306305024e-02
107 137 -4.74682274795814e-02
107 138 -3.28341666691563e-02
107 140 -2.11198972689417e-01
107 142 -1.01586461745192e-02
107 148 -2.93441709480357e-02
107 159 -2.62786596119930e-03
107 169 -1.27865961199295e-03
107 5 -4.01916184174249e-02
107 6 -1.09485843933657e-02
107 7 -3.66895077806719e-02
107 16 -1.42318625633420e-02
107 18 -1.19982278114323e-02
107 21 -2.21257854325376e-02
107 22 -2.49309868875087e-02
107 32 -9.75850340136055e-03
107 34 -5.86118505373164e-03
107 39 -2.83289241622575e-03
107 189 -2.26178456297305e-02
107 190 -7.08250865988622e-02
107 191 1.65147497831818e-02
107 195 -1.21232379388623e-01
107 196 -2.65913035365955e-01
107 197 -2.01897714471375e-01
107 198 -1.17202557378056e-01
107 200 -1.47499304756793e-01
107 201 -4.34397245995416e-03
107 204 -2.95291539735984e-02
107 211 -1.20235423013201e-02
107 245 -3.67557697044645e-02
107 247 -2.45789355384423e-01
107 250 -6.29123516605986e-02
108 108 5.65673225678596e+00
108 92 -7.32469633384443e-02
108 97 -1.88161404737294e-01
108 107 -1.42318625633420e-02
108 109 -1.00000000000000e+00
108 113 -1.04553516252626e+00
108 119 -1.00000000000000e+00
108 130 -1.73430454387791e-04
108 3 -1.29865390312183e-02
108 5 -1.53856985308598e-02
108 11 -1.44623564151833e-02
108 12 -5.40418152914194e-03
108 16 -3.55985749503611e-01
108 17 -1.15890083632019e-03
108 20 -1.79432432779641e-01
108 21 -1.40252454417952e-03
108 28 -1.82044371425715e-02
108 29 -1.04410160511142e-03
108 31 -1.78723696381085e-01
108 37 -3.49613773130943e-04
108 38 -4.34952568147157e-04
108 42 -1.50581680238288e-03
108 46 -3.85401009750646e-04
108 54 -2.50510656337920e-04
108 189 -4.26399703374120e-03
108 196 -4.82017055988135e-03
109 109 5.47469346602839e+00
109 92 -5.68410873110694e-02
109 93 -9.52451626331277e-03
109 97 -1.06449074074074e+00
109 98 -1.87311043652826e-01
109 99 -6.22095698182655e-02
109 107 -1.25181427525668e-01
109 108 -1.00000000000000e+00
109 110 -5.17195767195768e-02
109 113 -2.29186696968712e-01
109 114 -1.60626304950322e-02
109 117 -3.95700704919649e-02
109 119 -1.92281203520835e-01
109 120 -4.71724923459844e-01
109 121 -5.09826152683296e-03
109 125 -2.81746031746032e-03
109 130 -5.73304473304474e-02
109 131 -1.31132212144117e-02
109 137 -2.85861910992991e-02
109 138 -1.12555429579239e-02
109 140 -5.48419701612226e-02
109 141 -2.73020072226422e-03
109 142 -5.88200271803447e-02
109 148 -1.62318090199043e-02
109 159 -3.55962878978752e-03
109 165 -1.96989166036785e-03
109 6 -1.29714968424646e-03
109 20 -1.00000000000000e+00
109 21 -1.78330309901738e-01
109 22 -5.17195767195768e-02
109 32 -1.77711262282691e-01
109 34 -2.65646258503402e-03
109 38 -5.73304473304474e-02
109 39 -2.65211640211640e-03
109 47 -1.17502309565802e-03
109 189 -1.22018471108077e-02
109 196 -2.94989010259620e-02
109 197 -1.34776334776335e-02
109 200 -3.05306290417402e-02
109 201 -4.84010421677089e-02
109 247 -9.77072310405644e-03
110 110 5.50691872427984e+00
110 89 -3.70370370370371e-02
110 93 -8.10881919416541e-02
110 98 -5.11243386243387e-02
110 99 -3.50649713723385e-01
110 100 -1.64609053497942e-01
110 103 -4.37575935724084e-02
110 107 -3.69292146989410e-02
110 109 -5.17195767195768e-02
110 111 -1.00000000000000e+00
110 113 -8.33333333333334e-03
110 114 -1.11018498960931e+00
110 117 -8.75646320191410e-02
110 120 -1.94378306878304e-02
110 121 -1.04852092352092e+00
110 122 -6.41975308641976e-04
110 125 -3.78787878787879e-03
110 131 -5.02976190476191e-02
110 132 -3.20987654320988e-04
110 138 -8.74819624819626e-03
110 148 -5.75396825396826e-03
110 0 -5.09010901484020e-03
110 4 -3.24074074074074e-04
110 7 -9.87654320987656e-03
110 8 -3.83190883190883e-02
110 12 -6.27226538633739e-03
110 13 -3.66497411389885e-03
110 15 -1.87892186467455e-02
110 17 -1.17283950617284e-03
110 18 -3.44505224630673e-01
110 21 -4.66873706004141e-02
110 22 -3.36146171132730e-01
110 23 -1.81473232064630e-01
110 24 -9.69135802469136e-04
110 26 -1.81371963361211e-02
110 28 -1.07890499194847e-03
110 29 -1.64561878047152e-02
110 30 -2.83641975308642e-03
110 34 -4.52380952380953e-02
110 35 -1.80019400352734e-01
110 36 -4.27130625248905e-03
110 37 -3.83597883597884e-04
110 40 -7.20017636684304e-04
110 55 -7.47795414462082e-04
110 195 -4.27983539094651e-03
110 198 -5.60258671369783e-03
110 200 -7.39898989898991e-03
111 111 5.66801446416831e+00
111 89 -2.98685782556750e-04
111 90 -9.61538461538463e-03
111 93 -2.89818133545732e-03
111 100 -1.00000000000000e+00
111 101 -1.80423764269918e-01
111 103 -1.84916605033092e-01
111 104 -1.88015194681862e-02
111 107 -1.07818930041152e-03
111 110 -1.00000000000000e+00
111 112 -1.04895104895105e-02
111 114 -1.80334803057025e-01
111 115 -3.49393892906713e-01
111 116 -1.81818181818182e-02
111 117 -8.41328630217519e-03
111 118 -1.98863112196446e-02
111 121 -5.18518518518519e-04
111 122 -1.00000000000000e+00
111 123 -1.80423764269918e-01
111 125 -1.84733245149912e-01
111 126 -1.85510785510786e-02
111 129 -7.93650793650794e-04
111 133 -4.01234567901235e-04
111 134 -9.61538461538463e-03
111 138 -3.22222222222222e-03
111 160 -5.24691358024692e-04
111 4 -2.24358974358975e-03
111 9 -1.04895104895105e-02
111 13 -6.43162393162394e-03
111 15 -1.16608391608392e-02
111 23 -1.05703962703963e+00
111 24 -1.08332137947523e-01
111 30 -1.48659673659674e-02
111 41 -1.04895104895105e-02
111 190 -9.21963361210674e-03
111 195 -5.48148148148148e-03
111 198 -2.34973544973545e-02
111 200 -3.14814814814815e-03
111 203 -8.99118165784833e-03
111 205 -2.01543209876543e-03
111 249 -3.45061728395062e-03
111 251 -2.95679012345679e-03
112 112 5.67919665866880e+00
112 90 -2.27272727272728e-02
112 91 -5.67676767676768e-02
112 96 -7.39247311827957e-03
112 101 -3.32167832167833e-02
112 102 -1.05676767676768e+00
112 104 -3.18181818181819e-02
112 105 -5.31932225480613e-02
112 106 -1.77419354838710e-01
112 111 -1.04895104895105e-02
112 115 -1.95804195804196e-02
112 116 -3.35927703229756e-01
112 118 -1.93806342999892e-02
112 123 -3.32167832167833e-02
112 124 -1.05575757575758e+00
112 126 -3.18181818181819e-02
112 127 -5.05050505050505e-02
112 128 -1.78715953950085e-01
112 129 -1.49744809474258e-02
112 134 -2.27272727272728e-02
112 135 -5.66233766233767e-02
112 136 -1.73430454387791e-04
112 139 -6.02051434517616e-04
112 150 -5.32679252762500e-04
112 10 -1.35353535353535e-02
112 14 -2.00505050505051e-02
112 19 -5.28499278499279e-03
112 24 2.49512860876501e-02
112 25 -1.08031746031746e+00
112 27 -1.41414141414142e-02
112 30 -2.20707070707071e-02
112 50 -9.20634920634922e-03
112 194 -1.61315373646279e-02
112 199 -8.31120030391623e-03
112 202 -3.74356517956934e-03
112 206 -2.01840014535124e-03
113 113 5.30829387455236e+00
113 92 -2.11794134522850e-01
113 93 -2.09457641037819e-02
113 97 -1.22217411728674e-01
113 98 -5.69089238642490e-02
113 99 -2.51207729468599e-02
113 107 -7.07100583124909e-02
113 108 -1.04553516252626e+00
113 109 -2.29186696968712e-01
113 110 -8.33333333333334e-03
113 114 -1.83632982359000e-02
113 117 -5.44957535631905e-02
113 119 -2.06800140081469e-01
113 120 -6.90887992646826e-02
113 121 -4.86108248013010e-03
113 125 -2.68638768638769e-03
113 130 -1.40548340548341e-02
113 131 -1.32930629041740e-02
113 137 -2.19842178048363e-01
113 138 -1.12922917764188e-02
113 140 -9.67235540274100e-02
113 141 -4.54919600193208e-03
113 142 -2.38794147063989e-02
113 148 -1.71077265474091e-02
113 159 -6.73903562529829e-03
113 165 -2.33131771227009e-03
113 168 -9.88553590010406e-04
113 5 -7.15811965811967e-03
113 6 -5.07765830346476e-03
113 16 -4.55351625262638e-02
113 21 -9.73356009070295e-03
113 22 -8.33333333333334e-03
113 32 -1.39180077048741e-02
113 34 -2.53287981859411e-03
113 38 -1.40548340548341e-02
113 39 -2.84171075837743e-03
113 47 -1.39061056521374e-03
113 189 -7.24171806264419e-02
113 196 -2.69072363933562e-01
113 197 -2.03607503607504e-02
113 200 -4.64180445865034e-02
113 201 -9.06702755661711e-02
113 207 -1.24149777843847e-02
113 209 -4.52067125844442e-03
113 247 -3.85185208125722e-02
113 252 -2.85582148225228e-03
114 114 5.07004114906181e+00
114 89 -3.04612087766210e-03
114 92 -1.62239087971518e-02
114 93 -2.35593753516805e-01
114 97 -1.23936047849092e-02
114 98 -3.80325833413725e-02
114 99 -1.80264533813613e-01
114 100 -4.62654107984221e-02
114 101 -2.66644620811288e-03
114 103 -4.16440939309020e-01
114 104 -7.16977758181462e-03
114 107 -7.05805765414006e-02
114 109 -1.60626304950322e-02
114 110 -1.11018498960931e+00
114 111 -1.80334803057025e-01
114 113 -1.83632982359001e-02
114 115 -2.06165091612777e-01
114 117 -4.27226786439804e-01
114 118 -3.33418444332466e-02
114 119 -4.09379509379510e-03
114 120 -1.01593727508082e-01
114 121 -2.04503103418785e-01
114 123 -2.58465608465609e-03
114 125 -4.10705030762625e-01
114 126 -5.78470647518267e-03
114 129 -3.69236583522298e-03
114 131 -3.25101414254278e-02
114 133 -3.85567313345091e-03
114 137 -1.04151419714912e-02
114 138 -2.37421897198849e-01
114 140 -6.06777380761508e-02
114 142 -6.77988196400895e-03
114 144 -1.05398785028415e-03
114 148 -3.11829842566673e-02
114 160 -7.56966210352454e-03
114 170 -1.23370006438790e-03
114 6 -3.68292556230845e-03
114 7 -5.16770186335404e-03
114 18 -4.62654107984221e-02
114 21 -6.67258506388941e-03
114 22 -6.39195788108832e-02
114 32 -2.04689754689755e-03
114 34 -1.23501384743621e-02
114 39 -2.22743306076640e-03
114 190 -5.89175994671067e-02
114 191 -3.31551608604918e-02
114 195 -4.35855624050051e-02
114 196 -6.51205173427396e-03
114 197 -1.98735032383426e-02
114 198 -2.65710214273316e-01
114 200 -6.45673319820114e-02
114 201 -1.59000267222490e-02
114 203 -5.41620601326951e-02
114 204 -2.30695404536675e-02
114 205 -2.38480053749895e-02
114 213 -4.51903362167913e-03
114 249 -1.03518518518519e-02
114 251 -1.84174603174603e-02
114 254 -8.61452926849753e-03
115 115 4.93587623689821e+00
115 89 -1.77873026884473e-02
115 90 -3.45910584706978e-02
115 93 -3.17491069606073e-02
115 94 -1.21499320042504e-02
115 96 -8.77489650377052e-03
115 101 -3.87196634155243e-01
115 103 -4.07629685285920e-01
115 104 -4.01252039652493e-01
115 105 -5.62500000000001e-03
115 107 -6.31639231824417e-03
115 111 -3.49393892906713e-01
115 112 -1.95804195804196e-02
115 114 -2.06165091612777e-01
115 116 -1.95003179947624e-01
115 117 -2.59884528708603e-02
115 118 -3.96802123393392e-01
115 121 -3.03765432098766e-03
115 123 -3.87670770178961e-01
115 125 -4.07571537984192e-01
115 126 -4.04498780883040e-01
115 129 -3.15448265726044e-02
115 133 -2.07383075315174e-02
115 134 -3.48969346839717e-02
115 138 -3.67008769351362e-02
115 139 -1.48664951989026e-02
115 144 -1.34169442811418e-03
115 145 -1.81526912273826e-02
115 148 -1.07845058462342e-03
115 149 -3.61322945801341e-02
115 153 -1.66862629825593e-03
115 154 -2.18855218855219e-03
115 160 -1.98421310399706e-02
115 167 -1.62925551814441e-03
115 4 -2.24358974358975e-03
115 9 -1.73174674787578e-02
115 13 -6.43162393162394e-03
115 15 -1.16608391608392e-02
115 23 -5.70396270396271e-02
115 24 -1.76047755663140e-01
115 30 -1.48659673659674e-02
115 41 -1.75450660450661e-02
115 48 -5.34979423868313e-04
115 190 -7.19543213623498e-02
115 192 -4.24195640564007e-02
115 194 -2.09852807172252e-02
115 195 -6.17127572016461e-02
115 198 -7.86543062904175e-02
115 199 -6.47251616696062e-03
115 200 -2.41743827160494e-02
115 202 -4.19428277483833e-02
115 203 -8.83130829903980e-02
115 205 -3.27849149193285e-02
115 214 -5.63249314128944e-03
115 249 -3.55568342151676e-02
115 251 -4.40256907701352e-02
115 253 -4.27586713697825e-03
116 116 5.30770440639698e+00
116 90 -3.10606060606061e-02
116 91 -5.67676767676768e-02
116 94 -6.79012345679013e-04
116 96 -5.16670815080314e-02
116 101 -4.92424242424243e-02
116 102 -5.67676767676768e-02
116 104 -2.08674148896371e-01
116 105 -1.10383539698056e+00
116 106 -1.89101287667596e-01
116 111 -1.81818181818182e-02
116 112 -3.35927703229756e-01
116 115 -1.95003179947624e-01
116 118 -4.16288394915187e-01
116 123 -4.92424242424243e-02
116 124 -5.57575757575758e-02
116 126 -2.08273208273208e-01
116 127 -1.05050505050505e+00
116 128 -1.92682748900231e-01
116 129 -2.04270095298047e-01
116 134 -3.10606060606061e-02
116 135 -5.66233766233767e-02
116 136 -4.23941110725710e-04
116 139 -2.53546729260685e-03
116 150 -1.30210484008611e-03
116 10 -1.35353535353535e-02
116 14 -2.00505050505051e-02
116 19 -5.28499278499279e-03
116 24 -4.27643316279677e-02
116 25 -8.03174603174604e-02
116 27 -1.41414141414142e-02
116 30 -2.20707070707071e-02
116 50 -9.20634920634922e-03
116 190 -6.74047524226736e-03
116 192 -1.43819195539626e-02
116 193 -3.69180368284311e-03
116 194 -8.06520766385202e-02
116 198 -1.62962962962963e-03
116 199 -2.54942272434468e-02
116 202 -2.47104324688728e-02
116 203 -8.96942974720753e-03
116 206 -9.66358957606501e-03
116 248 -5.65035273368607e-03
116 249 -9.82304526748972e-03
117 117 5.12066389754805e+00
117 89 -3.69409926584167e-03
117 92 -4.54184531293459e-02
117 93 -3.45469706179675e-02
117 97 -2.92264780308259e-02
117 98 -6.33212583953956e-02
117 99 -1.69080974053746e-01
117 100 -1.07605926607537e-02
117 101 -2.16578483245150e-03
117 103 -8.08107695923868e-02
117 104 -5.82355477170292e-03
117 107 -5.29510817498020e-01
117 109 -3.95700704919649e-02
117 110 -8.75646320191410e-02
117 111 -8.41328630217519e-03
117 113 -5.44957535631906e-02
117 114 -4.27226786439804e-01
117 115 -2.59884528708603e-02
117 118 -2.29023865513284e-02
117 119 -1.80747767337629e-02
117 120 -1.23269652886285e-01
117 121 -4.67412454125172e-02
117 123 -2.19973544973545e-03
117 125 -7.29138383660840e-02
117 126 -4.92321743512220e-03
117 129 -3.14247921390779e-03
117 131 -5.03754627015497e-02
117 133 -5.08421516754850e-03
117 137 -4.34920012058261e-02
117 138 -8.91922935584051e-02
117 140 -1.07537995189749e-01
117 142 -2.72163164143323e-02
117 144 -3.05717225161670e-03
117 148 -6.65170129272614e-02
117 159 -8.64567901234568e-03
117 160 -1.39801671285798e-02
117 166 -2.38496071829405e-03
117 169 -6.59175084175085e-03
117 170 -5.96340197133848e-03
117 6 -7.37540236703247e-03
117 7 -1.02579309423629e-02
117 18 -1.07605926607537e-02
117 21 -1.46611650369414e-02
117 22 -7.68040393583873e-02
117 32 -7.55313337456195e-03
117 34 -1.57323725274036e-02
117 39 -7.28144540644541e-03
117 189 -2.03077030650392e-02
117 190 -5.86729074713351e-02
117 191 -7.28906203359122e-02
117 195 -8.73060461929823e-02
117 196 -4.15852515598036e-02
117 197 -1.14773485525300e+00
117 198 -2.61169469031671e-01
117 200 -2.37279887837321e-01
117 201 -1.54437913526803e-01
117 203 -5.72730053749895e-02
117 204 -5.57271410247601e-02
117 205 -3.70108045687411e-02
117 211 -1.67264403292181e-02
117 212 -4.29292929292930e-03
117 213 -1.09340807928110e-02
117 215 -1.71399176954733e-03
117 247 -1.06349206349206e-02
117 249 -6.90123456790124e-03
117 251 -1.72352733686067e-02
117 254 -1.83709918535316e-02
118 118 5.20939254437787e+00
118 89 -1.23074089542550e-02
118 90 -2.65691962606140e-02
118 93 -3.38027301830836e-02
118 94 -8.45240509237958e-02
118 96 2.07956096286951e-03
118 101 -3.88959820703592e-02
118 103 -8.53361764628729e-02
118 104 -4.23748616334999e-01
118 105 -7.37542136030038e-02
118 106 -6.11185782556751e-02
118 107 -6.70274348422497e-03
118 111 -1.98863112196446e-02
118 112 -1.93806342999892e-02
118 114 -3.33418444332466e-02
118 115 -3.96802123393392e-01
118 116 -4.16288394915187e-01
118 117 -2.29023865513284e-02
118 121 -2.96172839506173e-03
118 123 -3.75366639533306e-02
118 125 -8.45820315780634e-02
118 126 -4.00737402368355e-01
118 128 -3.20566646321688e-02
118 129 -4.89290098141362e-01
118 133 -1.31337448559671e-02
118 134 -2.26604938271605e-02
118 136 -7.11615435861014e-04
118 138 -3.40082010582011e-02
118 139 -3.77898988754943e-02
118 145 -1.29518518518519e-02
118 147 -7.93650793650794e-04
118 149 -4.81646384479718e-02
118 150 -4.69890349480063e-03
118 155 -4.85008818342152e-04
118 158 -6.37125220458554e-03
118 160 -1.78430629041740e-02
118 167 -1.69753086419753e-03
118 9 -3.07445396935512e-03
118 24 -6.77156177156178e-02
118 41 -2.55555555555556e-03
118 190 -1.09014317439409e-01
118 192 -1.15124486026024e-01
118 193 -5.78855167829905e-02
118 194 1.64208491442788e-02
118 195 -1.39362962962963e-01
118 198 -1.19739644746788e-01
118 199 -8.65683603358740e-02
118 200 -3.24713403880071e-02
118 202 -1.37953537450360e-01
118 203 -1.58219675401025e-01
118 205 -4.47517783656673e-02
118 206 -6.74130329075658e-02
118 214 -1.79541005291005e-02
118 222 -8.78777189888302e-03
118 248 -9.76417643321766e-02
118 249 -1.48184677893459e-01
118 251 -1.20224170655917e-01
118 253 -4.11027655187922e-02
118 257 -6.03193919543126e-02
119 119 5.63946126837832e+00
119 92 -3.69931288505690e-03
119 97 -3.57142857142858e-03
119 98 -3.24263038548753e-03
119 107 -2.52225384083568e-02
119 108 -1.00000000000000e+00
119 109 -1.92281203520835e-01
119 113 -2.06800140081469e-01
119 114 -4.09379509379510e-03
119 117 -1.80747767337629e-02
119 120 -2.42509202182013e-01
119 121 -1.17501546072975e-03
119 125 -6.49350649350650e-04
119 130 -1.05324675324675e+00
119 131 -4.48412698412699e-03
119 137 -2.01636552296951e-01
119 138 -3.63121005978149e-03
119 140 -5.45712948608742e-02
119 141 -2.31167458311802e-03
119 142 -4.99459905174191e-02
119 148 -6.75963718820862e-03
119 159 -3.33282601975928e-03
119 165 -1.29251700680272e-03
119 168 -3.90218522372529e-04
119 21 -1.22448979591837e-03
119 31 -1.00000000000000e+00
119 32 -1.77561992538951e-01
119 34 -6.12244897959184e-04
119 38 -5.32467532467533e-02
119 39 -1.19047619047619e-03
119 47 -7.70975056689343e-04
119 189 -9.97225112729796e-04
119 196 -3.03353484300415e-02
119 200 -1.07484289903645e-02
119 201 -1.33053367028393e-02
119 207 -4.90064912541500e-03
119 209 -1.78447549675437e-03
119 252 -1.12729795352064e-03
120 120 5.41161489751497e+00
120 92 -2.08934782196431e-02
120 93 -2.67508474690068e-02
120 97 -2.31216931216931e-02
120 98 -2.40746403579353e-01
120 99 -5.37166436622957e-02
120 107 -1.30392755810869e-01
120 109 -4.71724923459844e-01
120 110 -1.94378306878305e-02
120 113 -6.90887992646826e-02
120 114 -1.01593727508082e-01
120 117 -1.23269652886285e-01
120 119 -2.42509202182013e-01
120 121 -2.49284106369821e-01
120 125 -3.21268673125816e-02
120 130 -2.16725698543879e-02
120 131 -4.85568808836666e-01
120 137 -9.56770332306559e-02
120 138 -8.64969399207495e-02
120 140 -1.24770106035608e-01
120 141 -6.72106141436715e-02
120 142 -1.24646903411911e-01
120 148 -8.85778228238547e-02
120 151 -1.80704561139344e-02
120 159 -4.51260916038694e-02
120 165 -2.68687239644797e-02
120 166 -3.50958565244280e-03
120 169 -9.91543553448316e-03
120 6 -1.93719064686807e-03
120 21 -2.26349584278156e-01
120 22 -1.94378306878305e-02
120 32 -2.21357589500447e-01
120 33 -1.00000000000000e+00
120 34 -2.26374149659864e-01
120 38 -2.16725698543879e-02
120 39 -2.22579665704666e-01
120 47 -4.69586415935623e-02
120 57 -9.88142292490120e-03
120 196 -8.14769035292333e-02
120 197 -2.17243867243867e-02
120 198 -1.37627446040145e-02
120 200 -6.57118005451340e-02
120 201 -6.03152316818984e-02
120 204 -6.24504745107920e-02
120 211 -1.87280465272529e-02
121 121 5.63843322526439e+00
121 93 -3.76646573527181e-03
121 98 -3.11161501637692e-03
121 99 -5.20970575318402e-02
121 103 -3.91748971193416e-03
121 107 -1.28676690331625e-02
121 109 -5.09826152683296e-03
121 110 -1.04852092352092e+00
121 111 -5.18518518518519e-04
121 113 -4.86108248013010e-03
121 114 -2.04503103418785e-01
121 115 -3.03765432098766e-03
121 117 -4.67412454125172e-02
121 118 -2.96172839506173e-03
121 119 -1.17501546072975e-03
121 120 -2.49284106369821e-01
121 122 -1.00000000000000e+00
121 123 -3.88888888888889e-04
121 125 -1.95826332173518e-01
121 126 -8.70370370370371e-04
121 129 -5.55555555555556e-04
121 131 -1.93474598593646e-01
121 132 -1.00000000000000e+00
121 133 -1.12345679012346e-03
121 137 -3.99070065736733e-03
121 138 -2.11943284768249e-01
121 140 -2.45988043702330e-02
121 142 -3.47717538193729e-03
121 144 -4.46502057613169e-04
121 148 -2.17574249677424e-02
121 160 -2.53991769547325e-03
121 170 -5.22633744855967e-04
121 21 -1.17501546072975e-03
121 22 -4.85209235209236e-02
121 32 -5.87507730364874e-04
121 34 -1.77702329416615e-01
121 35 -1.00000000000000e+00
121 39 -1.14237614237614e-03
121 195 -1.67654320987654e-03
121 198 -2.09447238828191e-02
121 200 -3.64887110644687e-02
121 201 -4.45367965367966e-03
121 203 -1.15179012345679e-02
121 204 -1.17841109507776e-02
121 205 -7.54135802469136e-03
121 213 -1.91440329218107e-03
121 251 -4.04444444444445e-03
121 254 -3.64938271604939e-03
122 122 5.83076543209877e+00
122 110 -6.41975308641976e-04
122 111 -1.00000000000000e+00
122 121 -1.00000000000000e+00
122 123 -1.05070707070707e+00
122 125 -1.00000000000000e+00
122 132 -1.11275720164609e-03
122 133 -1.04648148148148e+00
122 4 -1.12345679012346e-03
122 13 -8.58417629098633e-03
122 15 -8.15807020538204e-03
122 18 -2.24691358024691e-03
122 22 -2.18271604938272e-03
122 23 -2.08987122634434e-01
122 24 -2.58961466517022e-02
122 26 -1.35779522482032e-02
122 27 -1.39045343346419e-03
122 29 -6.88865373309818e-03
122 30 -3.35345526774232e-02
122 35 -2.20386596119930e-01
122 36 -9.40880844779864e-03
122 37 -1.32980599647266e-03
122 40 -2.49606114050559e-03
122 41 -1.02212706777924e-01
122 44 -7.73444545861564e-03
122 48 -4.89935587761675e-02
122 52 -1.41154819415689e-03
122 55 -4.11555351072260e-03
123 123 5.11037228327276e+00
123 90 -2.00320512820513e-02
123 101 -2.23203131367467e-01
123 103 -4.34259259259259e-03
123 104 -3.71780626780627e-02
123 111 -1.80423764269918e-01
123 112 -3.32167832167833e-02
123 114 -2.58465608465609e-03
123 115 -3.87670770178961e-01
123 116 -4.92424242424243e-02
123 117 -2.19973544973545e-03
123 118 -3.75366639533306e-02
123 121 -3.88888888888889e-04
123 122 -1.05070707070707e+00
123 124 -5.62626262626263e-02
123 125 -2.11147152002090e-01
123 126 -3.98574081953712e-01
123 127 -4.88215488215489e-02
123 129 -1.33827160493827e-02
123 133 -2.06034744861905e-01
123 134 -3.92906361159728e-01
123 135 -5.74891774891775e-02
123 138 -2.36355575151872e-02
123 139 -1.69482167352538e-02
123 144 -2.06414527402182e-03
123 145 -1.94766248611928e-01
123 148 -1.65915474557450e-03
123 149 -4.24383354414219e-02
123 153 -2.56711738193220e-03
