9 24 9 24
9 9 4.91467242727656e+00
9 10 -2.35223903954569e-01
9 11 -2.89668388870796e-01
9 12 -4.72824290021562e-01
9 13 -1.56160920481230e-01
9 14 -3.30912087761950e-02
9 15 -3.27143304446134e-02
9 16 -6.74518945271221e-03
9 17 -1.48483039851673e-02
9 18 -3.41459028128067e-04
9 19 -6.84012448534997e-03
9 20 -1.01015916333686e-02
9 21 -2.50653352526598e-02
9 22 -1.72329985071707e-03
9 23 -1.16116677834334e-03
9 24 -2.48311874106135e-04
9 0 -2.81087585243882e-01
9 1 -2.87851421854343e-02
9 2 -3.68964330103339e-01
9 3 -3.44235084071581e-02
9 4 -1.50106639535199e-03
9 5 -2.01100313849038e-04
9 6 -1.31584874246521e-03
9 7 -2.43898130480350e-04
9 8 -4.73320869790751e-03
9 25 -3.48756226319906e-02
9 26 -1.08301544144699e-01
9 27 -1.97976486451528e-02
9 28 -2.75393364551244e-02
9 29 -5.47188926834312e-03
9 30 -1.20649676522664e-04
10 10 4.96981371236301e+00
10 9 -2.35223903954569e-01
10 11 -6.80694997517729e-02
10 12 -1.80128308259964e-01
10 13 -3.59819977315963e-01
10 14 -2.04696017566257e-01
10 15 -7.09130803428810e-02
10 16 -1.14925487332493e-04
10 17 -4.58107631688013e-03
10 18 -7.61983910019800e-06
10 19 -2.07952264608901e-03
10 20 -5.37369530308223e-03
10 21 -1.90380772190915e-02
10 22 -1.79726056253644e-03
10 23 -4.57607717861078e-04
10 24 -9.86515816054071e-07
10 0 -5.15731633763138e-02
10 1 -1.42014076354512e-03
10 2 -5.27364500651904e-02
10 3 -5.64366160972922e-03
10 4 -1.42460861026973e-05
10 5 -1.31847645486689e-06
10 6 -2.31810042794930e-04
10 7 -9.64157677034099e-07
10 8 -3.49370802915251e-03
10 25 -9.15126403973759e-03
10 26 -4.86001885760871e-02
10 27 -1.20338769694075e-02
10 28 -2.76061203687748e-02
10 29 -7.74856606472973e-03
10 30 -1.13374695550331e-04
11 11 5.19306376619410e+00
11 9 -2.89668388870796e-01
11 10 -6.80694997517729e-02
11 12 -6.18471643800619e-01
11 13 -6.87447462247209e-02
11 14 -4.51480495539891e-02
11 15 -1.93066176429575e-02
11 16 -8.35767545067964e-02
11 17 -1.00508848250073e-01
11 18 -2.08195809970307e-02
11 19 -2.58363773670342e-02
11 20 -6.30136326697784e-02
11 21 -4.39743522535052e-02
11 22 -4.65156408354309e-02
11 23 -6.23142174350324e-03
11 24 -5.64323135576278e-03
11 0 -6.54640655912511e-02
11 1 -1.35445686975065e-01
11 2 -5.69704221177973e-01
11 3 -3.57301492023385e-01
11 4 -3.10658566566926e-02
11 5 -1.21430618565186e-02
11 6 -1.05369915261705e-04
11 7 -9.84741761253315e-03
11 8 -3.39702134205927e-03
11 25 -9.73084268943614e-02
11 26 -1.00762937095710e-01
11 27 -1.82514550312510e-01
11 28 -1.33929544868343e-01
11 29 -1.48926332661509e-02
11 30 -6.99692690726666e-03
12 12 6.85150329307211e+00
12 9 -4.72824290021562e-01
12 10 -1.80128308259964e-01
12 11 -6.18471643800619e-01
12 13 -2.35645613346102e-01
12 14 -1.65067192502077e-01
12 15 -1.67853156919566e-01
12 16 -1.15289938926138e-01
12 17 -1.19813014094984e-01
12 18 -2.95822429120974e-02
12 19 -1.30041197529154e-01
12 20 -1.82000578061717e-01
12 21 -5.95691454635110e-02
12 22 -1.32721263848477e-01
12 23 -9.22886569899823e-02
12 24 -1.75695592631910e-02
12 0 -8.82892643428921e-02
12 1 -2.78376486308716e-02
12 2 -7.32890338016029e-01
12 3 -2.69210698303426e-01
12 4 -4.47423717152064e-02
12 5 -5.70955718962212e-03
12 6 -2.57419673606425e-02
12 7 -1.61565681628512e-02
12 8 -7.00202161297621e-02
12 25 -9.51658291492416e-02
12 26 -1.83376952583652e-01
12 27 -1.25109610994894e-01
12 28 -2.79517849580266e-01
12 29 -2.75549935791334e-02
12 30 -6.62177305515271e-03
13 13 5.13230111517133e+00
13 9 -1.56160920481230e-01
13 10 -3.59819977315963e-01
13 11 -6.87447462247209e-02
13 12 -2.35645613346102e-01
13 14 -1.34317347457781e+00
13 15 -3.16849189820827e-01
13 16 -1.75691410961032e-03
13 17 -2.49540842089015e-02
13 18 -3.58988614278216e-04
13 19 -1.46640052663430e-02
13 20 -4.21833987672222e-02
13 21 -1.58677676880277e-01
13 22 -1.91059983113319e-02
13 23 -1.75901180415514e-02
13 24 -7.79644084124288e-04
13 0 -1.38284123260502e-02
13 1 -2.64906110346411e-04
13 2 -5.04258291574678e-02
13 3 -1.29874696678320e-02
13 4 -4.46747146635910e-04
13 5 -2.41688227034278e-05
13 6 -4.25965684965098e-03
13 7 -2.16898454669498e-04
13 8 -3.91199380147572e-02
13 25 -4.96646489119896e-03
13 26 -4.92242130428670e-02
13 27 -1.64721019418962e-02
13 28 -9.58205059755260e-02
13 29 -3.82403066098440e-02
13 30 -1.94184993252244e-04
14 14 5.01793965940972e+00
14 9 -3.30912087761950e-02
14 10 -2.04696017566257e-01
14 11 -4.51480495539891e-02
14 12 -1.65067192502077e-01
14 13 -1.34317347457782e+00
14 15 -9.58234043534173e-02
14 16 -9.52501519816095e-04
14 17 -2.50230731400383e-02
14 18 -1.68140778631716e-04
14 19 -1.16132449445999e-02
14 20 -2.23666154111498e-02
14 21 -6.79372248083108e-02
14 22 -3.31146514174741e-02
14 23 -1.85466902734631e-02
14 24 -4.13410388436504e-04
14 0 -2.99991518859218e-03
14 1 -3.42036467495729e-04
14 2 -1.20663187985233e-02
14 3 -9.24375204364040e-03
14 4 -4.33448643204893e-06
14 5 -7.59242871609408e-06
14 6 -7.59584922015908e-04
14 7 -4.84744897290490e-05
14 8 -1.92535245559651e-02
14 25 -1.66161084854878e-02
14 26 -7.08799087053867e-02
14 27 -2.41924898589080e-02
14 28 -1.42403353088860e-01
14 29 -6.92229991728051e-02
14 30 -1.04720134520625e-03
15 15 5.09393574309404e+00
15 9 -3.27143304446134e-02
15 10 -7.09130803428810e-02
15 11 -1.93066176429575e-02
15 12 -1.67853156919566e-01
15 13 -3.16849189820827e-01
15 14 -9.58234043534173e-02
15 16 -3.02183280481118e-03
15 17 -1.43152309938511e-02
15 18 -9.23982136642718e-04
15 19 -1.26301452933999e-02
15 20 -5.17646520714401e-02
15 21 -1.79941720132284e-01
15 22 -1.28130852535587e-02
15 23 -2.60977281424426e-02
15 24 -1.66263753299786e-03
15 0 -1.40086527552398e-02
15 1 -2.81758732767512e-04
15 2 -2.95896881555081e-02
15 3 -1.19762880698892e-02
15 4 -1.53894040992796e-03
15 5 -8.61936151364067e-05
15 6 -3.50243958430828e-02
15 7 -6.78684670672501e-04
15 8 -8.19800036043945e-02
15 25 -4.01836671926145e-04
15 26 -1.38894866347974e-02
15 27 -4.51934281921145e-03
15 28 -3.89652601678024e-02
15 29 -2.75319025331468e-02
15 30 -1.22621924879008e-04
16 16 5.28409130659958e+00
16 9 -6.74518945271221e-03
16 10 -1.14925487332493e-04
16 11 -8.35767545067964e-02
16 12 -1.15289938926138e-01
16 13 -1.75691410961032e-03
16 14 -9.52501519816095e-04
16 15 -3.02183280481118e-03
16 17 -5.78528467434254e-01
16 18 -1.37450812844594e+00
16 19 -1.44586721639080e-01
16 20 -7.90590607862762e-02
16 21 -2.29492525907052e-02
16 22 -6.72607781647824e-02
16 23 -1.38828327345223e-02
16 24 -4.15774494032398e-02
16 0 -2.81322170261701e-03
16 1 -3.13476318840286e-02
16 2 -3.08765069269164e-02
16 3 -2.09710351670607e-01
16 4 -1.50182087756152e-01
16 5 -1.16804783112868e-01
16 6 -4.31866999428900e-05
16 7 -1.60966878829510e-01
16 8 -3.29962248025052e-03
16 25 -4.20572087744657e-02
16 26 -1.79322974760011e-02
16 27 -8.23333118739397e-02
16 28 -4.46273032765445e-02
16 29 -1.08674917404132e-03
16 30 -2.71786140385569e-02
17 17 5.04575613646499e+00
17 9 -1.48483039851673e-02
17 10 -4.58107631688013e-03
17 11 -1.00508848250073e-01
17 12 -1.19813014094984e-01
17 13 -2.49540842089015e-02
17 14 -2.50230731400383e-02
17 15 -1.43152309938511e-02
17 16 -5.78528467434254e-01
17 18 -3.32189882332514e-01
17 19 -3.43704974031616e-01
17 20 -2.25640885564229e-01
17 21 -8.38438647289701e-02
17 22 -1.89953598785054e-01
17 23 -3.64662713926288e-02
17 24 -6.26138731376158e-02
17 0 -1.35166631042092e-03
17 1 -2.07859334459330e-02
17 2 -3.71390320055100e-02
17 3 -1.00577482322336e-01
17 4 -4.77773311917968e-02
17 5 -4.54316242794420e-02
17 6 -3.11492884842222e-05
17 7 -7.03736946398752e-02
17 8 -7.32269165598990e-03
17 25 -1.29006258159397e-01
17 26 -1.21343346056895e-01
17 27 -1.94058446771041e-01
17 28 -2.82878446656036e-01
17 29 -2.18202123042794e-02
17 30 -3.13694456090463e-02
18 18 5.01869426999582e+00
18 9 -3.41459028128067e-04
18 10 -7.61983910019800e-06
18 11 -2.08195809970307e-02
18 12 -2.95822429120974e-02
18 13 -3.58988614278216e-04
18 14 -1.68140778631716e-04
18 15 -9.23982136642718e-04
18 16 -1.37450812844594e+00
18 17 -3.32189882332514e-01
18 19 -3.83949067975405e-01
18 20 -5.58297494657166e-02
18 21 -1.07093345761336e-02
18 22 -1.50867303783066e-01
18 23 -2.35085108351869e-02
18 24 -7.55359868398219e-02
18 0 -2.84059377953971e-04
18 1 -3.22780136249394e-03
18 2 -3.82710515234948e-03
18 3 -8.00198236757348e-02
18 4 -6.30823402814721e-02
18 5 -2.10937489000314e-01
18 6 -1.44933520941418e-04
18 7 -3.02519599931293e-01
18 8 -4.60220513981638e-03
18 25 -9.22356141579639e-03
18 26 -2.87512149542053e-03
18 27 -2.37339079052593e-02
18 28 -5.03441592105674e-02
18 29 -8.11136332863471e-04
18 30 -7.15073098087749e-02
19 19 5.37263848566467e+00
19 9 -6.84012448534997e-03
19 10 -2.07952264608901e-03
19 11 -2.58363773670342e-02
19 12 -1.30041197529154e-01
19 13 -1.46640052663430e-02
19 14 -1.16132449445999e-02
19 15 -1.26301452933999e-02
19 16 -1.44586721639080e-01
19 17 -3.43704974031616e-01
19 18 -3.83949067975405e-01
19 20 -1.46071289703322e+00
19 21 -1.28474504893306e-01
19 22 -2.29589477254048e-01
19 23 -9.40020683725652e-02
19 24 -1.74551546107833e-01
19 0 -2.55182132261814e-03
19 1 -5.19076351607979e-03
19 2 -4.68500476058669e-02
19 3 -1.00752125366860e-01
19 4 -9.52376083543700e-02
19 5 -3.47562773900662e-02
19 6 -8.01473039919701e-03
19 7 -1.62708138914188e-01
19 8 -2.57399009116952e-02
19 25 -1.95058834446242e-02
19 26 -2.64221293593562e-02
19 27 -4.70698153087655e-02
19 28 -1.84210476767732e-01
19 29 -9.48379196988358e-03
19 30 -2.52587393118131e-02
20 20 5.11230880632525e+00
20 9 -1.01015916333686e-02
20 10 -5.37369530308223e-03
20 11 -6.30136326697784e-02
20 12 -1.82000578061717e-01
20 13 -4.21833987672222e-02
20 14 -2.23666154111498e-02
20 15 -5.17646520714401e-02
20 16 -7.90590607862762e-02
20 17 -2.25640885564229e-01
20 18 -5.58297494657166e-02
20 19 -1.46071289703322e+00
20 21 -2.87133766998957e-01
20 22 -2.75735758018353e-01
20 23 -1.18154483090034e-01
20 24 -3.17550713644929e-02
20 0 -7.80007988887492e-03
20 1 -2.57456391410191e-04
20 2 -4.90876447970661e-02
20 3 -1.07519876009896e-01
20 4 -3.62914029426138e-02
20 5 -5.56898633829557e-03
20 6 -2.36750764558128e-02
20 7 -4.25838470701289e-02
20 8 -1.34822136515939e-01
20 25 -1.83518943040177e-03
20 26 -1.91091223059900e-02
20 27 -1.70142605879638e-02
20 28 -1.40468286727659e-01
20 29 -3.72599562692612e-02
20 30 -5.03774795520060e-03
21 21 4.99261321473600e+00
21 9 -2.50653352526598e-02
21 10 -1.90380772190915e-02
21 11 -4.39743522535052e-02
21 12 -5.95691454635111e-02
21 13 -1.58677676880277e-01
21 14 -6.79372248083108e-02
21 15 -1.79941720132284e-01
21 16 -2.29492525907052e-02
21 17 -8.38438647289700e-02
21 18 -1.07093345761336e-02
21 19 -1.28474504893306e-01
21 20 -2.87133766998958e-01
21 22 -1.80563249062252e-01
21 23 -4.13531596754545e-01
21 24 -3.48628240437455e-02
21 0 -1.32937821379486e-02
21 1 -1.90730298993106e-04
21 2 -3.90428202058245e-02
21 3 -5.26483606431039e-02
21 4 -1.08412799996758e-02
21 5 -6.83595851786880e-04
21 6 -1.08070881202164e-01
21 7 -8.51774314856005e-03
21 8 -3.58217531573075e-01
21 25 -9.87563829960277e-04
21 26 -2.34967341895974e-02
21 27 -1.27393535618482e-02
21 28 -2.14201369593151e-01
21 29 -1.10346188574899e-01
21 30 -6.96292526873871e-04
22 22 5.28791664849197e+00
22 9 -1.72329985071707e-03
22 10 -1.79726056253644e-03
22 11 -4.65156408354309e-02
22 12 -1.32721263848477e-01
22 13 -1.91059983113319e-02
22 14 -3.31146514174741e-02
22 15 -1.28130852535587e-02
22 16 -6.72607781647823e-02
22 17 -1.89953598785054e-01
22 18 -1.50867303783066e-01
22 19 -2.29589477254048e-01
22 20 -2.75735758018353e-01
22 21 -1.80563249062252e-01
22 23 -1.31365975917519e-01
22 24 -1.96053037393912e-01
22 0 -1.56103104271185e-04
22 1 -1.05153639849589e-03
22 2 -1.18187220259341e-03
22 3 -3.55741405138507e-02
22 4 -8.60637275108080e-03
22 5 -1.78046409584959e-02
22 6 -2.63331107308305e-04
22 7 -6.60103204521063e-02
22 8 -4.42442541033245e-02
22 25 -3.16434721351297e-02
22 26 -5.46077293347931e-02
22 27 -8.14259521810361e-02
22 28 -2.27611605955239e-02
22 29 -1.66345191217180e-01
22 30 -1.80434394677059e-01
23 23 5.46894403215005e+00
23 9 -1.16116677834334e-03
23 10 -4.57607717861078e-04
23 11 -6.23142174350324e-03
23 12 -9.22886569899822e-02
23 13 -1.75901180415514e-02
23 14 -1.85466902734631e-02
23 15 -2.60977281424426e-02
23 16 -1.38828327345223e-02
23 17 -3.64662713926289e-02
23 18 -2.35085108351869e-02
23 19 -9.40020683725652e-02
23 20 -1.18154483090034e-01
23 21 -4.13531596754545e-01
23 22 -1.31365975917519e-01
23 24 -4.09981092315270e-02
23 0 -1.36119874344097e-03
23 1 -2.87337831119650e-05
23 2 -9.29683977109144e-03
23 3 -1.53415126687067e-02
23 4 -1.01953917988216e-02
23 5 -4.26139602019742e-03
23 6 -1.04424831201836e-01
23 7 -2.27284615894294e-02
23 8 -3.10125515976905e-01
23 25 -2.83859501649209e-04
23 26 -5.18277259224360e-03
23 27 -4.37261944328191e-03
23 28 -1.42530384687593e-01
23 29 -1.09661268176035e-01
23 30 -5.21394515650907e-03
24 24 5.00211401183947e+00
24 9 -2.48311874106135e-04
24 10 -9.86515816054071e-07
24 11 -5.64323135576278e-03
24 12 -1.75695592631910e-02
24 13 -7.79644084124288e-04
24 14 -4.13410388436504e-04
24 15 -1.66263753299786e-03
24 16 -4.15774494032397e-02
24 17 -6.26138731376159e-02
24 18 -7.55359868398219e-02
24 19 -1.74551546107833e-01
24 20 -3.17550713644929e-02
24 21 -3.48628240437455e-02
24 22 -1.96053037393912e-01
24 23 -4.09981092315270e-02
24 0 -3.39951309708387e-04
24 1 -1.77045922236968e-04
24 2 -2.65183549692017e-03
24 3 -2.35470817595165e-02
24 4 -1.14049407310397e-02
24 5 -3.17139670445694e-02
24 6 -2.45337700723202e-03
24 7 -5.41818291487418e-02
24 8 -2.32146229384161e-02
24 25 -1.65620740623583e-03
24 26 -4.47438112163614e-04
24 27 -8.65258325529432e-03
24 28 -4.05722940390458e-02
24 29 -4.05501348944858e-03
24 30 -7.28970980469120e-02
