0 21 0 21
0 0 5.10873088708358e+00
0 1 -1.27104533181805e-02
0 2 -1.69528642375145e-01
0 3 -4.79689404360172e-01
0 4 -1.42831069927844e-01
0 5 -1.24985335499408e-01
0 6 -3.21281371356402e-02
0 7 -8.30838245988498e-03
0 9 -1.91892053813522e-05
0 10 -1.74222178407607e-04
0 11 -9.87453983327101e-03
0 13 -5.61786566819029e-05
0 14 -6.77490289833832e-05
0 15 -1.46317823473423e-03
0 16 -1.28159823193898e-04
0 18 -3.71879932990177e-04
0 19 -5.63081222801839e-05
0 22 -2.99563622960038e-02
0 23 -2.32730151155025e-01
0 24 -2.61119323713391e-02
0 25 -3.29730270533882e-03
0 26 -3.05230098941018e-02
0 27 -3.51986298612412e-02
0 28 -6.80078325316195e-03
0 29 -7.73862875909610e-03
0 30 -5.70783652576901e-02
0 31 -1.68228581416477e-02
0 32 -9.43305316751084e-04
0 33 -1.01764537718868e-03
0 34 -1.15893267101644e-04
0 35 -1.07771971921389e-03
0 36 -2.48553256467310e-03
0 37 -5.33153564940458e-04
0 38 -7.70496184510393e-05
0 39 -1.29293834889780e-02
0 40 -3.70313030456033e-07
0 41 -2.47583682389925e-04
0 42 -4.81078383283719e-05
0 43 -1.45726018540844e-03
0 44 -1.91295648476737e-03
0 45 -1.29854157123073e-04
0 47 -3.93382387409499e-07
0 51 -3.57377556503133e-05
0 53 -1.01628782296517e-04
0 54 -9.22678660134716e-04
0 55 -4.49227256073010e-05
0 56 -3.06635936851967e-05
0 57 -2.17903959619521e-05
0 58 -5.57129702442435e-04
0 59 -9.78277018607555e-06
0 60 -1.63297389587261e-05
0 61 -8.89894434920057e-06
0 62 -5.12932691620969e-06
1 1 4.99606690332868e+00
1 0 -1.27104533181805e-02
1 2 -3.05619996165395e-01
1 3 -9.16454372980416e-04
1 4 -3.86389345017822e-02
1 5 -5.31190888750031e-04
1 6 -9.87861326935068e-02
1 7 -3.07463085471902e-02
1 8 -2.02886459989747e-03
1 9 -3.32819942663643e-03
1 10 -1.47064190829930e-02
1 11 -4.02614780352002e-05
1 12 -8.50964349580027e-05
1 14 -2.85181742173894e-05
1 15 -3.11131135875197e-05
1 18 -1.57312523210557e-05
1 22 -3.14494162626283e-01
1 23 -1.03055877054883e-02
1 24 -2.82503379817291e-05
1 25 -1.70600068693137e-01
1 26 -6.34258252290164e-02
1 27 -8.62531141313087e-03
1 28 -3.90235265052275e-02
1 29 -3.54114961398340e-05
1 30 -4.23943143736648e-03
1 31 -8.99149299020876e-06
1 32 -8.80299548045585e-07
1 33 -3.25880995343727e-05
1 34 -2.18283938672181e-02
1 35 -2.37642753826029e-02
1 36 -2.31951750348469e-06
1 37 -2.62742184251059e-03
1 38 -1.32586776605049e-02
1 39 -8.91172069037784e-05
1 40 -2.38869533548668e-03
1 41 -7.15325088908222e-06
1 42 -3.16589325833588e-04
1 43 -3.94362372205308e-05
1 44 -4.56680558629973e-05
1 47 -6.82693541664878e-04
1 50 -2.28918811538234e-07
1 51 -1.62784218664647e-06
1 53 -3.26634711075835e-02
1 54 -2.29421345386807e-03
1 55 -1.00372928226540e-05
1 56 -5.00861537660896e-03
1 57 -5.22719717803057e-03
1 58 -1.82322777550381e-04
1 59 -2.58041902353917e-04
1 60 -7.35178376086045e-06
1 61 -9.05556551974334e-04
1 62 -2.30926547093294e-06
1 67 -4.65703226928983e-05
2 2 5.04708008163454e+00
2 0 -1.69528642375145e-01
2 1 -3.05619996165395e-01
2 3 -7.52085320761781e-02
2 4 -1.33097511855604e-01
2 5 -1.98982726770031e-02
2 6 -1.26053641837216e-01
2 7 -2.30557105867299e-02
2 8 -4.07177080587321e-04
2 9 -7.53169961042128e-04
2 10 -5.18857964919130e-04
2 11 -1.80462988476049e-03
2 12 -4.54844121428758e-06
2 13 -7.27752304049842e-06
2 14 -6.44096071426901e-05
2 15 -5.39001174391446e-04
2 16 -1.66021425439360e-05
2 18 -3.13527938295980e-04
2 19 -7.29429433639780e-06
2 22 -2.86823876700576e-01
2 23 -1.89265266857510e-01
2 24 -8.55564211467405e-03
2 25 -4.60820856343584e-02
2 26 -1.58400225851367e-01
2 27 -8.12375766319843e-02
2 28 -3.85416086368687e-02
2 29 -2.64151356545375e-03
2 30 -2.71649046802688e-02
2 31 -1.94854384482957e-03
2 32 -1.54357511026035e-04
2 33 -1.71407893098148e-03
2 34 -6.44336502033661e-04
2 35 -2.14382960580056e-03
2 36 -4.06719450684847e-04
2 37 -2.22023288536380e-03
2 38 -5.51329951963488e-04
2 39 -2.92308747032909e-03
2 40 -3.44600275637059e-04
2 41 -4.04278893187781e-04
2 42 -8.86195285336765e-05
2 43 -6.56776383682661e-04
2 44 -7.30561527834587e-04
2 45 -1.68216307790800e-05
2 47 -9.09787958133100e-05
2 51 -3.10411161337177e-05
2 53 -1.94095122254195e-02
2 54 -1.58820432620878e-02
2 55 -1.70929632399404e-04
2 56 -3.11499496698039e-03
2 57 -8.94049939363104e-04
2 58 -1.67945598868832e-03
2 59 -5.50475192852225e-05
2 60 -4.42409286981448e-05
2 61 -1.14956756165560e-04
2 62 -1.38964980973100e-05
3 3 4.99547049540079e+00
3 0 -4.79689404360172e-01
3 1 -9.16454372980416e-04
3 2 -7.52085320761782e-02
3 4 -9.56578408302413e-02
3 5 -9.98134633361853e-02
3 6 -3.68283000717485e-03
3 7 -6.10717709766858e-04
3 9 -1.13895872457190e-06
3 10 -1.03408070406135e-05
3 11 -2.39022248074894e-02
3 13 -2.71362214541678e-04
3 14 -4.02118514594070e-06
3 15 -2.56120786073339e-04
3 16 -2.15528981688474e-05
3 17 -1.16059443021748e-05
3 18 -2.20726124795131e-05
3 19 -9.46945146567275e-06
3 22 -7.96790186265188e-03
3 23 -3.51245406449755e-01
3 24 -1.72749188942511e-01
3 25 -1.96526550201920e-04
3 26 -6.30998559369286e-03
3 27 -4.22930937091039e-02
3 28 -1.90589460559424e-02
3 29 -6.15026802894802e-02
3 30 -3.73674198397092e-02
3 31 -4.19989803294891e-02
3 32 -2.39083892440509e-02
3 33 -1.07440970863326e-02
3 34 -7.33550942357535e-06
3 35 -1.20220215325501e-04
3 36 -8.07173597982908e-03
3 37 -1.25454815851042e-04
3 38 -4.86385769920651e-06
3 39 -5.59182551437410e-03
3 40 -3.71545900256695e-07
3 41 -4.92676134743503e-03
3 42 -3.04505065662795e-06
3 43 -2.42493764621225e-04
3 44 -3.51176161363556e-04
3 45 -1.21382236886597e-03
3 46 -3.76649245887335e-05
3 47 -3.94692061187255e-07
3 51 -2.12118364390943e-06
3 53 -1.32852230512227e-04
3 54 -6.78525930792168e-03
3 55 -9.68828108179414e-04
3 56 -6.60077394695524e-05
3 57 -6.25770388253369e-05
3 58 -5.61317021899680e-03
3 59 -4.02645465960232e-05
3 60 -6.78682031387701e-05
3 61 -3.57318591640105e-05
3 62 -2.13866653637842e-05
3 64 -2.88679966904355e-07
4 4 5.09746528773690e+00
4 0 -1.42831069927844e-01
4 1 -3.86389345017822e-02
4 2 -1.33097511855604e-01
4 3 -9.56578408302412e-02
4 5 -1.22735226229655e-01
4 6 -2.34805603519882e-01
4 7 -4.82040981212693e-02
4 8 -6.45661452530580e-04
4 9 -8.17521127610396e-03
4 10 -5.80609285627256e-03
4 11 -3.22581409777382e-02
4 12 -4.11866478735740e-05
4 13 -2.00066703536320e-03
4 14 -2.19085318068579e-03
4 15 -2.86589109260998e-02
4 16 -1.91679121916134e-03
4 17 -2.38552877977590e-04
4 18 -1.01225609883780e-02
4 19 -1.91336719507099e-03
4 21 -9.39395867114159e-05
4 22 -7.55205665678124e-02
4 23 -2.68312439087457e-01
4 24 -2.40548628010376e-02
4 25 -2.55215330668411e-02
4 26 -2.50373485220696e-01
4 27 -1.15206327118461e+00
4 28 -4.29648765060993e-02
4 29 -1.70490426475109e-02
4 30 -4.23994588562944e-01
4 31 -1.56601463421934e-02
4 32 -2.72727575209315e-02
4 33 -5.17675143132483e-03
4 34 -2.81934458007036e-03
4 35 -6.79145356231211e-02
4 36 -1.35320640542835e-02
4 37 -5.45396339503068e-02
4 38 -8.82077719794809e-03
4 39 -2.44549629213901e-02
4 40 -4.54783252193709e-03
4 41 -1.70754601807103e-02
4 42 -3.20298389778252e-03
4 43 -2.97851948629733e-02
4 44 -3.42374730680712e-02
4 45 -1.11306282399365e-02
4 46 -1.28786613353810e-03
4 47 -1.10282039514941e-04
4 48 -6.21025944362490e-04
4 49 -1.02056156837901e-03
4 50 -4.03276144457238e-06
4 51 -1.10686081657738e-03
4 52 -1.15961792745051e-04
4 53 -5.74407145110557e-03
4 54 -4.88042518974862e-03
4 55 -2.38469632033903e-05
4 56 -2.25853052517410e-03
4 57 -4.70981707542106e-04
4 58 -5.31287814502303e-03
4 59 -1.79880336373448e-03
4 60 -1.45557997292068e-04
4 61 -3.99870755303990e-04
4 62 -2.23073110247157e-04
4 63 -9.64374183104990e-05
4 64 -1.82410351704646e-05
4 65 -2.80992291389713e-05
4 66 -3.41853181781182e-06
4 67 -2.48944610202817e-07
4 68 -1.72752580106811e-06
5 5 5.07062933623243e+00
5 0 -1.24985335499408e-01
5 1 -5.31190888750031e-04
5 2 -1.98982726770031e-02
5 3 -9.98134633361853e-02
5 4 -1.22735226229655e-01
5 6 -8.58906442992558e-02
5 7 -2.70863796243561e-02
5 8 -2.61567464856094e-04
5 9 -7.51655231693578e-03
5 10 -3.58319221185104e-03
5 11 -1.08758637026080e-01
5 12 -1.20078988054560e-04
5 13 -2.81244771116036e-02
5 14 -4.08055720210182e-03
5 15 -5.90048302144384e-02
5 16 -3.92318007712066e-02
5 17 -3.55397794038941e-03
5 18 -3.14423951698773e-02
5 19 -1.00207789290707e-02
5 20 -7.34064614873766e-06
5 21 -1.71564151321921e-03
5 22 -4.42677395135263e-03
5 23 -1.07613353753421e-01
5 24 -7.33751392885106e-02
5 25 -8.69780824318966e-04
5 26 -2.74442888057547e-02
5 27 -4.85176399337752e-02
5 28 -1.52410574306210e-02
5 29 -5.58994230757469e-02
5 30 -3.30875516563082e-01
5 31 -8.31214515664473e-02
5 32 -1.15308008911015e-01
5 33 -1.00796444501444e-02
5 34 -1.61963872763354e-05
5 35 -3.46009204214362e-02
5 36 -1.27877432449075e-01
5 37 -3.24015370029001e-02
5 38 -6.90255513345522e-03
5 39 -4.36902288812095e-02
5 40 -7.70714043728340e-03
5 41 -8.15918546429755e-02
5 42 -4.96475504121408e-03
5 43 -5.57661548502198e-03
5 44 -2.46843718374313e-02
5 45 -7.72057682272432e-02
5 46 -1.14850854420649e-02
5 47 -1.46953877738043e-04
5 48 -3.43156974751335e-03
5 49 -4.99566869044182e-03
5 50 -9.53543746500155e-05
5 51 -1.82731609113319e-03
5 52 -1.17952783831245e-03
5 53 -1.14506327031145e-04
5 54 -5.62323515479195e-03
5 55 -1.29701429001114e-04
5 56 -5.27335469004827e-04
5 57 -2.76866144400654e-05
5 58 -1.06467118499130e-02
5 59 -5.21104898780780e-03
5 60 -4.29062224327836e-04
5 61 -4.76534170633477e-04
5 62 -6.92027807801095e-04
5 63 -3.59558417011134e-04
5 64 -4.38000219048375e-05
5 65 -1.04273048611397e-04
5 66 -7.37596087474227e-06
5 67 -1.20066619723799e-06
5 68 -3.55085113402266e-06
6 6 4.96476438100689e+00
6 0 -3.21281371356402e-02
6 1 -9.87861326935068e-02
6 2 -1.26053641837216e-01
6 3 -3.68283000717485e-03
6 4 -2.34805603519882e-01
6 5 -8.58906442992557e-02
6 7 -4.28370101633375e-01
6 8 -1.66143655763006e-02
6 9 -6.63862031955137e-02
6 10 -1.41615567442062e-01
6 11 -2.12752094614504e-02
6 12 -8.42846920780538e-03
6 13 -3.09001030555830e-04
6 14 -1.64010178404925e-02
6 15 -2.13118566078498e-02
6 16 -5.16804657082817e-04
6 17 -3.72922851060254e-06
6 18 -3.31961236737652e-02
6 19 -2.27062577809279e-04
6 22 -2.09652262548244e-01
6 23 -1.59840179452209e-02
6 24 -6.12063573768562e-04
6 25 -2.79929684071291e-02
6 26 -2.43615606085939e-01
6 27 -1.13698020564575e-02
6 28 -7.85112702038737e-02
6 29 -3.63921532003947e-04
6 30 -2.26594357624617e-01
6 31 -1.65439378330787e-03
6 32 -2.55132436193399e-04
6 33 -1.00047643025530e-04
6 34 -4.23688624558506e-02
6 35 -6.27468973183892e-01
6 36 -6.28002144031081e-04
6 37 -1.75017886810644e-01
6 38 -1.17942177736606e-01
6 39 -4.80854552825338e-02
6 40 -6.74075448834801e-02
6 41 -2.60986400868466e-04
6 42 -3.07148914760057e-02
6 43 -7.47793524919340e-02
6 44 -2.78786010692774e-02
6 45 -7.26198129389402e-04
6 46 -1.21025146225868e-05
6 47 -1.10222721327950e-02
6 48 -6.67936749576159e-04
6 49 -1.95501210967245e-05
6 50 -2.96477108062035e-04
6 51 -6.34246078375027e-03
6 52 -1.74329071873083e-04
6 53 -3.89131078304634e-02
6 54 -7.06801331077482e-03
6 55 -1.31811982036078e-05
6 56 -3.89060955462428e-02
6 57 -1.95292835577728e-02
6 58 -1.07009211024411e-03
6 59 -3.97307930605169e-03
6 60 -8.38120197533493e-05
6 61 -1.15723208587320e-02
6 62 -2.55643133055943e-05
6 63 -1.81528439419637e-05
6 67 -8.18048572966629e-04
7 7 4.83762700760762e+00
7 0 -8.30838245988498e-03
7 1 -3.07463085471902e-02
7 2 -2.30557105867299e-02
7 3 -6.10717709766858e-04
7 4 -4.82040981212693e-02
7 5 -2.70863796243561e-02
7 6 -4.28370101633375e-01
7 8 -8.43096196997947e-02
7 9 -5.02667859133099e-01
7 10 -2.75331689712222e-01
7 11 -1.01859133613472e-02
7 12 -4.77044096694082e-02
7 13 -1.18024960454375e-04
7 14 -7.34496238553477e-02
7 15 -1.63566076831836e-02
7 16 -2.69249194581972e-04
7 18 -5.05602088801734e-02
7 19 -1.18296952933722e-04
7 20 -1.04458381644583e-04
7 22 -2.40516081175496e-02
7 23 -2.59821302066638e-03
7 24 -5.76956456303903e-05
7 25 -1.54612028881170e-01
7 26 -4.20714873931571e-02
7 27 -1.92122446091455e-03
7 28 -2.53304085891325e-02
7 29 -2.86980006471699e-05
7 30 -5.73919565194985e-02
7 31 -1.60832785242384e-04
7 32 -1.57044669553062e-05
7 34 -1.06612002724996e-01
7 35 -1.58229564351921e-01
7 36 -4.13799894213321e-05
7 37 -2.44584983339500e-02
7 38 -1.71052872406678e-01
7 39 -2.67843709343642e-02
7 40 -3.82497131208792e-02
7 42 -7.48753772467330e-02
7 43 -7.04263204304472e-02
7 44 -2.07389646407031e-02
7 45 -2.72808797228218e-04
7 47 -5.39813629032249e-03
7 48 -2.09524992802042e-04
7 50 -1.50033921034531e-03
7 51 -1.18756459415495e-02
7 52 -6.26678480486270e-05
7 53 -2.44731509273331e-02
7 56 -6.01569194448875e-03
7 57 -4.34484882908914e-03
7 59 -8.83626096446483e-04
7 61 -3.29767520417817e-03
7 67 -2.89033255588781e-04
8 8 5.25828986234422e+00
8 1 -2.02886459989747e-03
8 2 -4.07177080587321e-04
8 4 -6.45661452530580e-04
8 5 -2.61567464856094e-04
8 6 -1.66143655763006e-02
8 7 -8.43096196997947e-02
8 9 -2.44978411056699e-01
8 10 -1.93305727671867e-01
8 11 -1.98925993350240e-04
8 12 -1.48169186440732e-01
8 13 -2.57837936423546e-06
8 14 -6.72753866486987e-02
8 15 -1.38813416799974e-03
8 16 -5.88203177086037e-06
8 18 -1.20184434773524e-02
8 19 -2.58432132594658e-06
8 20 -1.56202032435594e-02
8 22 -8.29954992854454e-04
8 25 -1.96998133397014e-02
8 26 -2.43566867835671e-04
8 28 -2.58800777243509e-05
8 30 -6.47105224424739e-04
8 34 -4.53473328257383e-02
8 35 -8.93282806681889e-03
8 38 -1.51249162810248e-02
8 39 -5.34733134187671e-04
8 40 -1.78999463086242e-03
8 42 -1.96095003926788e-02
8 43 -8.40076796194230e-03
8 44 -1.10252242394994e-03
8 45 -5.95979503358570e-06
8 47 -1.38644900095750e-04
8 50 -3.70531943986237e-03
8 51 -3.18023484027037e-03
8 53 -2.37239019170643e-05
9 9 5.08862781344833e+00
9 0 -1.91892053813522e-05
9 1 -3.32819942663643e-03
9 2 -7.53169961042128e-04
9 3 -1.13895872457190e-06
9 4 -8.17521127610396e-03
9 5 -7.51655231693578e-03
9 6 -6.63862031955137e-02
9 7 -5.02667859133099e-01
9 8 -2.44978411056699e-01
9 10 -2.19793144370920e-01
9 11 -5.72132166657477e-03
9 12 -4.63529150008199e-02
9 13 -1.56506807613070e-04
9 14 -6.64585933707012e-02
9 15 -2.07573176580480e-02
9 16 -3.99139221706697e-04
9 17 -1.39638584809724e-07
9 18 -3.13374106376342e-02
9 19 -1.83430533948482e-04
9 20 -9.54742604684291e-03
9 21 -5.83840271661482e-06
9 22 -2.65674094120038e-03
9 23 -3.75719952648725e-06
9 25 -1.47370319508861e-02
9 26 -6.40400379690207e-03
9 27 -2.88256709909601e-06
9 28 -1.01061454272507e-04
9 30 -1.99175197987205e-02
9 34 -1.38929655561167e-02
9 35 -5.48376783122078e-02
9 36 -1.39983675158116e-06
9 37 -6.90633380678995e-03
9 38 -1.04865136592820e-01
9 39 -1.46351190311794e-02
9 40 -1.46489282064534e-02
9 41 -8.11531267844518e-05
9 42 -3.90218930627714e-02
9 43 -6.51548025477103e-02
9 44 -2.00554854252466e-02
9 45 -5.57979791867281e-04
9 46 -1.27182130278750e-05
9 47 -6.00901669783157e-03
9 48 -5.86750863211475e-03
9 49 -3.40340012278282e-04
9 50 -9.96667938386443e-03
9 51 9.19281119151445e-07
9 52 -1.70339816596006e-03
9 53 -9.47498400403927e-05
9 56 -6.00548593203149e-05
9 57 -4.25247987617807e-05
9 59 -3.27715303558840e-04
9 60 -3.43326615282607e-05
9 61 -9.55082802215866e-04
9 62 -4.06449844369021e-05
9 63 -5.47742974372790e-05
9 64 -2.16867902823757e-06
9 65 -4.43388806732944e-04
9 67 -3.86286483128048e-04
9 68 -2.46715213034211e-07
10 10 4.82328409411643e+00
10 0 -1.74222178407607e-04
10 1 -1.47064190829930e-02
10 2 -5.18857964919130e-04
10 3 -1.03408070406135e-05
10 4 -5.80609285627256e-03
10 5 -3.58319221185104e-03
10 6 -1.41615567442062e-01
10 7 -2.75331689712222e-01
10 8 -1.93305727671867e-01
10 9 -2.19793144370920e-01
10 11 -2.27326688686130e-03
10 12 -4.70996490179778e-01
10 13 -7.93392297260251e-06
10 14 -3.38894497545765e-01
10 15 -6.56023406835415e-03
10 16 -1.80995813260571e-05
10 18 -4.75228631834348e-02
10 19 -7.95220696415787e-06
10 20 -7.29886124788414e-04
10 22 -9.57823091172736e-03
10 23 -4.62591145089611e-05
10 25 -1.36950561746899e-01
10 26 -2.37463508417059e-03
10 27 -3.67073061026222e-05
10 28 -1.33860132602979e-02
10 30 -1.09468095690681e-02
10 34 -3.13003212129461e-01
10 35 -7.05066142019628e-02
10 37 -1.42693528075876e-02
10 38 -4.93644432365790e-01
10 39 -6.51643068674279e-03
10 40 -6.31431386835114e-02
10 42 -2.47669184022272e-01
10 43 -5.19022627004192e-02
10 44 -7.48812748025907e-03
10 45 -1.83388664154116e-05
10 47 -5.68552617479188e-02
10 48 -1.15289202374722e-03
10 50 -1.15246594299546e-02
10 51 -1.79519620780431e-02
10 52 -2.70124646669919e-05
10 53 -1.38696876499492e-02
10 56 -5.79779168694305e-03
10 57 -9.16387001741575e-03
10 59 -2.22956935233587e-03
10 61 -1.18094993765916e-02
10 67 -3.88446728656204e-03
11 11 5.41393183737570e+00
11 0 -9.87453983327101e-03
11 1 -4.02614780352002e-05
11 2 -1.80462988476049e-03
11 3 -2.39022248074894e-02
11 4 -3.22581409777382e-02
11 5 -1.08758637026080e-01
11 6 -2.12752094614504e-02
11 7 -1.01859133613472e-02
11 8 -1.98925993350240e-04
11 9 -5.72132166657477e-03
11 10 -2.27326688686130e-03
11 12 -9.24679215574198e-05
11 13 -1.05335966406057e-01
11 14 -2.97739541219214e-03
11 15 -6.89869117470246e-02
11 16 -2.31655338656593e-01
11 17 -1.04249107639605e-01
11 18 -3.24791060052220e-02
11 19 -5.79363881533870e-02
11 20 -5.51225297352671e-06
11 21 -4.77411158824922e-03
11 22 -2.67737921485135e-04
11 23 -2.62853517958656e-02
11 24 -2.06408606244640e-02
11 25 -5.61506034996532e-05
11 26 -4.78219002392101e-03
11 27 -7.56726628396700e-03
11 28 -1.04633652192157e-02
11 29 -4.81072616924324e-02
11 30 -1.40963747314274e-01
11 31 -1.73705508726553e-01
11 32 -5.78355088601250e-02
11 33 -4.18797979526177e-02
11 34 -1.20151989015396e-05
11 35 -2.24066893951665e-02
11 36 -1.79759781405581e-01
11 37 -2.93490364059785e-02
11 38 -4.86595293796015e-03
11 39 -2.80019212219335e-01
11 40 -6.11559097224500e-03
11 41 -3.03720819766517e-01
11 42 -3.66431533117932e-03
11 43 -8.34456948888476e-03
11 44 -4.95305943026976e-02
11 45 -2.93592502376058e-01
11 46 -5.46946122979222e-01
11 47 -1.10149709159854e-04
11 48 -5.10326441129248e-03
11 49 -3.10254459455362e-02
11 50 -7.26554505511160e-05
11 51 -1.31760887365460e-03
11 52 -1.29119621311328e-03
11 53 -1.47080368916878e-04
11 54 -4.41405096778350e-03
11 55 -3.93207508273813e-03
11 56 -4.62239232091455e-04
11 57 -1.02905872349280e-04
11 58 -3.08117243629088e-02
11 59 -1.36394168842358e-02
11 60 -1.53027862240772e-03
11 61 -4.89369523979853e-04
11 62 -7.70449325055415e-03
11 63 -1.70014314980207e-03
11 64 -8.62872650115676e-03
11 65 -1.31209624640356e-03
11 66 -3.20775264362055e-03
11 67 -9.01606708978373e-07
11 68 -3.12469245770315e-04
12 12 5.01872133957529e+00
12 1 -8.50964349580027e-05
12 2 -4.54844121428758e-06
12 4 -4.11866478735740e-05
12 5 -1.20078988054560e-04
12 6 -8.42846920780538e-03
12 7 -4.77044096694081e-02
12 8 -1.48169186440732e-01
12 9 -4.63529150008199e-02
12 10 -4.70996490179777e-01
12 11 -9.24679215574199e-05
12 13 -1.85566020496842e-06
12 14 -5.30210145858915e-01
12 15 -7.83267118254052e-04
12 16 -4.23329958071630e-06
12 18 -2.73036841529027e-02
12 19 -1.85993663614055e-06
12 20 -1.85951468662032e-02
12 22 -2.10031978279952e-05
12 25 -1.66101561725303e-02
12 26 -2.88885431518934e-05
12 28 -1.29621859922169e-03
12 30 -1.97693470639234e-04
12 34 -1.46089134298949e-01
12 35 -1.21812586343212e-02
12 37 -1.04590063615053e-03
12 38 -7.19871079447080e-02
12 39 -2.55818075244527e-04
12 40 -1.80494577921288e-02
12 42 -1.75667071472572e-01
12 43 -1.76547653763085e-02
12 44 -6.12459011954011e-04
12 45 -4.28926581828767e-06
12 47 -7.95253508155683e-02
12 48 -1.05486227053657e-03
12 50 -3.28231064623007e-02
12 51 -1.68499024414081e-02
12 52 -8.82101189360132e-06
12 53 -1.54016619305319e-03
12 56 -1.27654593292413e-03
12 57 -3.96804754550105e-03
12 59 -6.07608815294061e-04
12 61 -5.14734605572333e-03
12 67 -4.77459439781758e-03
13 13 5.26132315952538e+00
13 0 -5.61786566819029e-05
13 2 -7.27752304049842e-06
13 3 -2.71362214541678e-04
13 4 -2.00066703536320e-03
13 5 -2.81244771116036e-02
13 6 -3.09001030555830e-04
13 7 -1.18024960454375e-04
13 8 -2.57837936423546e-06
13 9 -1.56506807613070e-04
13 10 -7.93392297260251e-06
13 11 -1.05335966406057e-01
13 12 -1.85566020496842e-06
13 14 -2.08931227235493e-04
13 15 -5.91286453423187e-02
13 16 -2.75011487442043e-01
13 17 -1.11398161450060e+00
13 18 -1.49553196070397e-02
13 19 -8.16840072523890e-02
13 20 -8.93915006843425e-07
13 21 -7.53667982091844e-02
13 23 -2.59822565960709e-04
13 24 -7.97513405233354e-05
13 26 -9.29820305478383e-05
13 27 -1.54531634320446e-06
13 29 -3.98075259691407e-04
13 30 -6.24136453169480e-03
13 31 -4.10511948889389e-03
13 32 -1.45552245486768e-03
13 35 -7.21654686641059e-05
13 36 -7.03743622095940e-03
13 37 -2.09749605686429e-05
13 38 -1.57528139485501e-05
13 39 -1.94107237996957e-02
13 40 -1.12090125581392e-05
13 41 -3.69775441804422e-03
13 42 -1.44145297467216e-04
13 43 -2.86467793265534e-03
13 44 -8.30542624712468e-03
13 45 -2.88257857123894e-02
13 46 -3.28400477079766e-02
13 47 -9.04993573015913e-08
13 48 -6.35810052656480e-05
13 49 -1.49812331079936e-02
13 50 -3.54367909840428e-06
13 51 -1.49825870336074e-04
13 52 -2.77657103789499e-03
13 65 -5.38118533273125e-05
14 14 4.82402320525661e+00
14 0 -6.77490289833832e-05
14 1 -2.85181742173894e-05
14 2 -6.44096071426901e-05
14 3 -4.02118514594070e-06
14 4 -2.19085318068579e-03
14 5 -4.08055720210182e-03
14 6 -1.64010178404925e-02
14 7 -7.34496238553477e-02
14 8 -6.72753866486987e-02
14 9 -6.64585933707012e-02
14 10 -3.38894497545765e-01
14 11 -2.97739541219214e-03
14 12 -5.30210145858915e-01
14 13 -2.08931227235493e-04
14 15 -3.25916519991937e-02
14 16 -6.43109657454977e-04
14 17 -4.93005225670577e-07
14 18 -8.42576757570697e-02
14 19 -4.02451489114338e-04
14 20 -8.22887226282092e-02
14 21 -2.99215033887960e-05
14 22 -3.46488883102696e-05
14 23 -1.32650943359908e-05
14 25 -4.12540781753088e-03
14 26 -1.31758485825098e-03
14 27 -1.01771343868665e-05
14 28 -9.59121187171116e-04
14 30 -7.27414234767940e-03
14 34 -3.32666350654858e-02
14 35 -3.86590635088512e-02
14 36 -4.94223594829202e-06
14 37 -5.18984798763188e-03
14 38 -9.40023690716760e-02
14 39 -7.37661220582912e-03
14 40 -4.85685241837987e-02
14 41 -5.39888978817262e-04
14 42 -2.77623726390879e-01
14 43 -1.41524656889359e-01
14 44 -2.41824059866675e-02
14 45 -1.42319126986954e-03
14 46 -7.23855620688830e-05
14 47 -1.42708509654778e-01
14 48 -4.78554725343109e-02
14 49 -3.00271691487099e-03
14 50 -2.08051301688243e-01
14 51 -2.47253178290090e-02
14 52 -1.47857127577704e-02
14 53 -1.12445096095205e-03
14 56 -1.35970948101270e-03
14 57 -4.90394978971866e-03
14 59 -2.76474232712564e-03
14 60 -2.34107683187499e-04
14 61 -1.57108087471048e-02
14 62 -2.80398700373990e-04
14 63 -3.91956087815690e-04
14 64 -1.61865560323116e-05
14 65 -5.63980779943902e-03
14 67 -3.72162035529010e-02
14 68 -2.23147030131006e-06
15 15 4.94879122057559e+00
15 0 -1.46317823473423e-03
15 1 -3.11131135875197e-05
15 2 -5.39001174391446e-04
15 3 -2.56120786073339e-04
15 4 -2.86589109260998e-02
15 5 -5.90048302144383e-02
15 6 -2.13118566078498e-02
15 7 -1.63566076831836e-02
15 8 -1.38813416799974e-03
15 9 -2.07573176580480e-02
15 10 -6.56023406835415e-03
15 11 -6.89869117470246e-02
15 12 -7.83267118254052e-04
15 13 -5.91286453423187e-02
15 14 -3.25916519991937e-02
15 16 -2.66707555516273e-01
15 17 -9.23534459427781e-03
15 18 -2.38130357459248e-01
15 19 -5.42203762897696e-01
15 20 -1.40702011359143e-04
15 21 -3.08312356915903e-02
15 22 -1.42205196617924e-04
15 23 -4.95601416244531e-04
15 24 -1.02331514648412e-04
15 25 -5.60224704978921e-05
15 26 -3.85971888662053e-03
15 27 -2.44649170177179e-04
15 28 -2.70408771227029e-03
15 29 -2.41523369847962e-04
15 30 -3.46713364580936e-02
15 31 -1.34666327997817e-04
15 32 -1.96888293881696e-03
15 33 -7.43756939742407e-04
15 34 -2.70008014007457e-05
15 35 -2.98238080808636e-02
15 36 -3.96825869442662e-03
15 37 -2.37877087156504e-02
15 38 -1.35373067261276e-02
15 39 -2.44851610005286e-01
15 40 -2.11226413312592e-02
15 41 -8.24981907446728e-02
15 42 -3.30115915500768e-02
15 43 -1.60141709059667e-01
15 44 -2.61873674623899e-01
15 45 -2.44657589377584e-01
15 46 -8.17284903750133e-02
15 47 -4.49692082944851e-03
15 48 -1.04261139649193e-01
15 49 -2.64996717855472e-01
15 50 -2.19799231140702e-03
15 51 -3.09755044624435e-02
15 52 -1.88446739466014e-01
15 53 -2.34505714424496e-04
15 54 -8.18640894086651e-04
15 55 -2.44068634208570e-05
15 56 -1.12658706090444e-03
15 57 -6.83166825885035e-05
15 58 -7.49810774506572e-03
15 59 -1.23453352521744e-02
15 60 -6.35587207177187e-04
15 61 -3.67466936937059e-03
15 62 -1.17787437540644e-02
15 63 -9.67982526136675e-03
15 64 -2.91508180923156e-03
15 65 -4.79822861417676e-02
15 66 -3.00016141120887e-04
15 67 -1.37706873191919e-05
15 68 -3.43010577693702e-05
16 16 5.15934979720280e+00
16 0 -1.28159823193898e-04
16 2 -1.66021425439360e-05
16 3 -2.15528981688474e-05
16 4 -1.91679121916134e-03
16 5 -3.92318007712066e-02
16 6 -5.16804657082817e-04
16 7 -2.69249194581972e-04
16 8 -5.88203177086037e-06
16 9 -3.99139221706697e-04
16 10 -1.80995813260571e-05
16 11 -2.31655338656593e-01
16 12 -4.23329958071630e-06
16 13 -2.75011487442043e-01
16 14 -6.43109657454977e-04
16 15 -2.66707555516273e-01
16 17 -1.19160494028367e+00
16 18 -2.45586368498178e-02
16 19 -4.55491433340775e-01
16 21 -2.66701046112047e-01
16 23 -4.68408799600336e-05
16 24 -5.82542285164685e-05
16 26 -1.34681278091398e-04
16 27 -2.35460914733629e-05
16 28 -3.52422281559520e-04
16 29 -1.35351500769658e-04
16 30 -8.53523693391088e-03
16 31 -3.08378815244645e-04
16 32 -3.21098301873733e-03
16 33 -3.15496164793818e-03
16 35 -3.75089925248074e-04
16 36 -6.32432733523357e-03
16 37 -1.02668128636927e-03
16 38 -8.18844566936400e-05
16 39 -3.62968772899979e-02
16 40 -1.51656237043921e-03
16 41 -3.78208519424275e-02
16 42 -6.07528248078989e-04
16 43 -7.64406185121372e-03
16 44 -5.67734572589717e-02
16 45 -1.95022270929800e-01
16 46 -4.14901512176114e-01
16 47 -3.29894421228433e-04
16 48 -1.63545472546006e-02
16 49 -1.51936716730371e-01
16 50 -4.84821631084885e-05
16 51 -5.83823532734385e-04
16 52 -1.48465787292818e-02
16 53 -1.45576528460485e-05
16 54 -1.14821393229920e-04
16 55 -2.68599006759552e-04
16 56 -1.66359930052101e-05
16 57 -1.92755026005980e-05
16 58 -9.68213953779482e-03
16 59 -6.24422083158614e-03
16 60 -2.67308498743686e-04
16 61 3.73412969343164e-05
16 62 -1.32728588742563e-02
16 63 -6.26423663626166e-03
16 64 -1.89619113213953e-02
16 65 -1.84039033155659e-02
16 66 -2.97223959126695e-02
16 67 -2.10722572950856e-07
16 68 -4.08579690498675e-03
17 17 5.44399787242041e+00
17 3 -1.16059443021748e-05
17 4 -2.38552877977590e-04
17 5 -3.55397794038941e-03
17 6 -3.72922851060254e-06
17 9 -1.39638584809724e-07
17 11 -1.04249107639605e-01
17 13 -1.11398161450060e+00
17 14 -4.93005225670577e-07
17 15 -9.23534459427781e-03
17 16 -1.19160494028367e+00
17 18 -2.74860700561000e-05
17 19 -5.04893361392183e-02
17 21 -1.06738619996687e-01
17 23 -1.11609904270979e-05
17 24 -2.42104685162844e-05
17 26 -1.53512923327752e-06
17 28 -1.71328563144128e-05
17 29 -6.03969756866021e-05
17 30 -8.16049710583214e-04
17 31 -6.25228904433753e-04
17 32 -1.96591353919979e-03
17 33 -1.04908286737162e-03
17 36 -4.01070752618825e-02
17 37 -9.34655629819411e-06
17 39 -3.87926833445077e-03
17 41 -2.42731760061664e-02
17 42 -3.48615585051099e-07
17 43 -3.13303327580348e-04
17 44 -5.00619656984329e-04
17 45 -1.61491664654455e-02
17 46 -1.91414921370037e-01
17 48 -5.71171448554310e-04
17 49 -1.11894597632472e-01
17 51 -2.60061296135536e-07
17 52 -1.12539136829293e-03
17 53 -1.24473521054788e-06
17 54 -2.34860608680698e-05
17 55 -1.06433909405267e-04
17 56 -1.42244127367236e-06
17 57 -1.64812947813109e-06
17 58 -7.98752746687945e-04
17 59 -3.11799087808015e-04
17 60 -1.85822409674930e-05
17 61 -2.90856569633681e-06
17 62 -7.75888109883235e-04
17 63 -3.02982356247665e-04
17 64 -5.29462901454197e-03
17 65 -6.73827459433634e-04
17 66 -1.48159365123138e-02
17 68 -6.72607778887843e-06
18 18 5.22595850781741e+00
18 0 -3.71879932990177e-04
18 1 -1.57312523210557e-05
18 2 -3.13527938295980e-04
18 3 -2.20726124795132e-05
18 4 -1.01225609883780e-02
18 5 -3.14423951698773e-02
18 6 -3.31961236737652e-02
18 7 -5.05602088801734e-02
18 8 -1.20184434773524e-02
18 9 -3.13374106376342e-02
18 10 -4.75228631834348e-02
18 11 -3.24791060052220e-02
18 12 -2.73036841529027e-02
18 13 -1.49553196070397e-02
18 14 -8.42576757570696e-02
18 15 -2.38130357459248e-01
18 16 -2.45586368498178e-02
18 17 -2.74860700561000e-05
18 19 -1.36211067581865e-01
18 20 -1.95724934117572e-02
18 21 -1.94438815879302e-02
18 22 -1.24013452676115e-04
18 23 -7.15384697506345e-05
18 25 -4.51810213067719e-04
18 26 -4.34556161115256e-03
18 27 -5.47574537302088e-05
18 28 -4.55407432727597e-04
18 30 -3.65770572688014e-02
18 34 -2.18293587340142e-03
18 35 -5.91978884482464e-02
18 36 -1.44687827688215e-04
18 37 -1.72788937238357e-02
18 38 -4.92110429276955e-02
18 39 -5.79072535939787e-02
18 40 -7.01459860051522e-02
18 41 -7.65764020024469e-03
18 42 -6.74175548967816e-02
18 43 -1.23403919842209e-01
18 44 -1.93713790532468e-01
18 45 -5.35024731241002e-02
18 46 -2.28220980535753e-03
18 47 -7.89049241931392e-02
18 48 -7.72388154847408e-02
18 49 -1.51898285318682e-01
18 50 -7.06359040979372e-02
18 51 -3.29103441186575e-01
18 52 -3.97331456747963e-01
18 53 -3.32204741470099e-04
18 56 -1.20132161606954e-03
18 57 -1.07672195387724e-03
18 59 -1.98314651876274e-02
18 60 -2.46423665773531e-03
18 61 -1.92174330803309e-02
18 62 -3.59702650942045e-03
18 63 -5.89410729533175e-03
18 64 -3.73364756160596e-04
18 65 -5.54340648399318e-02
18 66 -5.35157842191097e-06
18 67 -1.54996622111409e-02
18 68 -9.77899593199286e-06
19 19 5.05451156826962e+00
19 0 -5.63081222801839e-05
19 2 -7.29429433639780e-06
19 3 -9.46945146567275e-06
19 4 -1.91336719507099e-03
19 5 -1.00207789290707e-02
19 6 -2.27062577809279e-04
19 7 -1.18296952933722e-04
19 8 -2.58432132594658e-06
19 9 -1.83430533948482e-04
19 10 -7.95220696415787e-06
19 11 -5.79363881533870e-02
19 12 -1.85993663614055e-06
19 13 -8.16840072523890e-02
19 14 -4.02451489114338e-04
19 15 -5.42203762897696e-01
19 16 -4.55491433340775e-01
19 17 -5.04893361392183e-02
19 18 -1.36211067581865e-01
19 20 -4.60933141941931e-05
19 21 -4.41335489947968e-01
19 23 -9.46415208604698e-06
19 24 -1.53381087108764e-06
19 26 -5.91733796647668e-05
19 27 -1.54887757653973e-06
19 29 -1.10576942837726e-06
19 30 -6.48436120963651e-03
19 31 -1.23097817257178e-05
19 32 -6.95375073402754e-05
19 35 -7.23317764067195e-05
19 36 -5.37255062284395e-04
19 37 -2.10232980686710e-05
19 38 -1.57891168365669e-05
19 39 -2.52691809615398e-02
19 40 -1.12348441034750e-05
19 41 -8.72214544608489e-03
19 42 -2.10793637151138e-04
19 43 -3.60465715271870e-03
19 44 -2.40075466434451e-02
19 45 -1.21679457545023e-01
19 46 -2.26375744914627e-02
19 47 -9.07079161053989e-08
19 48 -5.73079552315410e-03
19 49 -1.29166815103120e+00
19 50 -6.67626493134568e-05
19 51 -1.42593916696207e-03
19 52 -1.07057847028397e-01
19 59 -1.15727977808870e-04
19 62 -3.65340466661518e-04
19 63 -3.81039157031335e-04
19 64 -1.68325408760939e-03
19 65 -6.42055355857887e-03
19 66 -3.39110096079167e-03
19 68 -2.36847775831411e-04
20 20 5.44294662874485e+00
20 5 -7.34064614873766e-06
20 7 -1.04458381644583e-04
20 8 -1.56202032435594e-02
20 9 -9.54742604684291e-03
20 10 -7.29886124788414e-04
20 11 -5.51225297352671e-06
20 12 -1.85951468662032e-02
20 13 -8.93915006843425e-07
20 14 -8.22887226282092e-02
20 15 -1.40702011359143e-04
20 18 -1.95724934117572e-02
20 19 -4.60933141941931e-05
20 21 -3.53806116278700e-06
20 25 -1.06862355226892e-06
20 28 -6.90952248083526e-07
20 30 -1.03842759248230e-05
20 34 -2.11929314700433e-04
20 35 -8.17748421802723e-06
20 37 -6.84683525214223e-07
20 38 -8.53414057097639e-06
20 39 -1.62472910459398e-05
20 40 -2.37024074235964e-05
20 42 -7.29822691117316e-03
20 43 -2.44487789216881e-04
20 44 -8.74880498189261e-05
20 47 -3.59322230615382e-03
20 48 -5.30580303057635e-05
20 49 -4.80907578093497e-06
20 50 -4.42383948805931e-02
20 51 -1.24276783354070e-02
20 52 -4.89327503676019e-04
20 53 -9.23139210439625e-07
20 56 -1.14803253925499e-06
20 57 -7.80216727506777e-06
20 59 -4.51092540868758e-07
20 61 -1.01083538959187e-05
20 67 -3.75351597953477e-04
21 21 4.99396914542771e+00
21 4 -9.39395867114159e-05
21 5 -1.71564151321921e-03
21 9 -5.83840271661482e-06
21 11 -4.77411158824922e-03
21 13 -7.53667982091844e-02
21 14 -2.99215033887960e-05
21 15 -3.08312356915903e-02
21 16 -2.66701046112047e-01
21 17 -1.06738619996687e-01
21 18 -1.94438815879302e-02
21 19 -4.41335489947968e-01
21 20 -3.53806116278700e-06
21 24 -1.42343016084576e-06
21 28 -1.84698912543652e-06
21 29 -3.49110654909686e-06
21 30 -3.68977110097135e-04
21 31 -3.08184736561717e-05
21 32 -7.99542958684338e-05
21 33 -1.44711382928545e-04
21 36 -3.15234163838672e-04
21 37 -6.62888724969188e-05
21 39 -1.68943042139438e-03
21 41 -9.26489930139110e-03
21 42 -1.45759009344735e-05
21 43 -2.36095644247876e-04
21 44 -2.53194255719598e-03
21 45 -9.07614252853736e-03
21 46 -4.46262547047868e-02
21 48 -4.79622271454135e-03
21 49 -2.14190539679830e-01
21 50 -5.33411128303980e-06
21 51 -8.59647399066867e-04
21 52 -5.96965403082096e-02
21 54 -2.38136721087665e-06
21 58 -1.55561216078346e-04
21 59 -8.14173898269523e-04
21 60 -5.17326957684726e-05
21 61 -1.42404327325770e-05
21 62 -1.54167272680812e-03
21 63 -1.36446508287672e-03
21 64 8.65821521644691e-04
21 65 -7.30272442455130e-03
21 66 -1.54625542962166e-02
21 68 -2.97615223157115e-03
