245 270 245 270
245 245 5.29562756291671e+00
245 246 -2.28578432959494e-01
245 247 -2.16710458659319e-02
245 248 -2.65926696727946e-03
245 249 -5.55604154622885e-02
245 250 -2.50511946146632e-01
245 251 -4.54388541110359e-02
245 252 -1.85670082885305e-02
245 253 -8.33236983080896e-03
245 254 -2.26823543230064e-02
245 255 -1.11014038231780e-02
245 93 -2.84348864994026e-03
245 107 -3.67557697044645e-02
245 189 -2.40108216388214e-02
245 190 -1.19243072416850e-02
245 191 -2.35540620372744e-01
245 192 -7.81959378733573e-03
245 195 -9.70047497007594e-02
245 197 -2.15019762845850e-02
245 198 -1.19045086412412e-02
245 200 -2.43386243386244e-03
245 201 -9.63132793671816e-02
246 246 5.49983013450495e+00
246 245 -2.28578432959494e-01
246 247 -3.94106379243158e-02
246 248 -6.87690593937993e-02
246 249 -7.26074970131423e-02
246 250 -8.94634066023476e-02
246 251 -6.05278703657823e-02
246 253 -3.80326691589266e-02
246 254 -4.06871715909293e-02
246 261 -2.58064516129032e-03
246 89 -1.00204262535168e-03
246 93 -1.19759509769916e-02
246 103 -1.66459937565036e-02
246 190 -8.47886752054402e-02
246 191 -5.97693691841917e-02
246 192 -9.14838255760675e-02
246 193 -1.27402186975548e-02
246 195 -3.86535809565410e-02
246 198 -7.70654272659592e-02
247 247 6.30144763668889e+00
247 245 -2.16710458659319e-02
247 246 -3.94106379243158e-02
247 249 -1.65078189300412e-02
247 250 -3.12825189595887e-02
247 251 -3.68358612580835e-02
247 252 -4.20731816298610e-02
247 254 -6.87741328630218e-02
247 255 -1.36389077093049e-01
247 258 -1.45389447720353e-02
247 259 -2.73580246913580e-02
247 92 -3.69576283706530e-02
247 97 -6.94444444444445e-03
247 107 -2.45789355384423e-01
247 109 -9.77072310405645e-03
247 113 -3.85185208125722e-02
247 117 -1.06349206349206e-02
247 140 -8.38592592592593e-02
247 189 -1.85856699072469e-02
247 191 -6.56516177300478e-02
247 195 -2.15392869561939e-01
247 196 2.82578942973499e-03
247 197 -2.16038647342995e-01
247 198 -8.69841269841271e-03
247 200 -3.10423868312757e-02
247 201 -1.62381281501180e-01
247 207 -1.03960504104521e-01
248 248 5.67840875196515e+00
248 245 -2.65926696727945e-03
248 246 -6.87690593937993e-02
248 249 -1.18437465015685e-02
248 250 -1.41634871083362e-02
248 251 -4.46699841740887e-02
248 253 -3.52204096139812e-02
248 256 -6.84319713828906e-02
248 257 -1.06968096137364e-01
248 262 -4.10837476394188e-03
248 94 -5.78369460089890e-03
248 96 -1.28362876155974e-02
248 104 -8.50852439741329e-03
248 105 -5.42328042328043e-03
248 116 -5.65035273368607e-03
248 118 -9.76417643321766e-02
248 129 -1.40891912320484e-02
248 190 -8.36768834639109e-02
248 192 -1.67050631876915e-02
248 193 -2.49331285551824e-02
248 194 -8.78155855949862e-02
248 195 -5.42344944915185e-02
248 199 -3.60465404680158e-02
248 202 -1.78045928439335e-01
249 249 5.59091447713012e+00
249 245 -5.55604154622885e-02
249 246 -7.26074970131423e-02
249 247 -1.65078189300412e-02
249 248 -1.18437465015683e-02
249 250 -9.90481284498744e-02
249 251 -4.56836367443500e-01
249 253 -4.55323115443683e-01
249 254 -1.22792730738145e-01
249 256 -1.20277580718571e-01
249 257 -1.63576936295314e-01
249 261 -2.44886969384398e-02
249 263 -4.97005721409649e-03
249 101 -5.69444444444445e-03
249 103 -8.74477366255145e-02
249 104 -4.52434156378601e-02
249 111 -3.45061728395062e-03
249 114 -1.03518518518519e-02
249 115 -3.55568342151676e-02
249 116 -9.82304526748972e-03
249 117 -6.90123456790124e-03
249 118 -1.48184677893460e-01
249 123 -4.88095238095239e-03
249 125 -6.85207231040565e-02
249 126 -3.07237339380197e-02
249 129 -7.60379356680945e-02
249 190 -1.54346218589053e-01
249 191 -5.39706020391996e-02
249 192 -1.06165004242470e-02
249 193 -8.30890655616058e-02
249 194 -1.44607837894218e-01
249 195 -9.50897042706272e-02
249 197 -2.14646464646465e-02
249 198 -1.14890399385561e-01
249 199 -9.39956116895187e-02
249 200 -5.42730746619636e-02
249 201 -5.96230559563894e-02
249 202 -1.54905895910092e-01
249 203 -2.17540213167198e-01
249 205 -2.04542034097590e-02
249 208 -6.35074345943912e-02
249 217 -2.04874835309618e-02
250 250 5.58356196948480e+00
250 245 -2.50511946146632e-01
250 246 -8.94634066023476e-02
250 247 -3.12825189595887e-02
250 248 -1.41634871083362e-02
250 249 -9.90481284498744e-02
250 251 -8.85923893088538e-02
250 252 -7.89619935188397e-02
250 253 -4.20966328798449e-02
250 254 -7.65052163109050e-02
250 255 -1.08462440102260e-01
250 258 -6.27240143369176e-03
250 259 -8.25055754679411e-02
250 260 -3.54088740723612e-02
250 261 -3.01830654796316e-02
250 107 -6.29123516605986e-02
250 191 -1.14508077279047e-01
250 195 -2.67701314812628e-01
250 196 -4.88299225343971e-02
250 197 -1.65046113306983e-01
250 198 -5.95982401244051e-02
250 200 -4.92827890614630e-02
250 201 -2.31757604584793e-01
250 204 -3.05084030266826e-02
250 215 -2.57496482145228e-02
251 251 5.11763420740846e+00
251 245 -4.54388541110359e-02
251 246 -6.05278703657823e-02
251 247 -3.68358612580835e-02
251 248 -4.46699841740887e-02
251 249 -4.56836367443500e-01
251 250 -8.85923893088538e-02
251 252 -8.83772543665017e-03
251 253 -4.43578890994810e-01
251 254 -4.95734498363257e-01
251 255 -4.22105585194729e-02
251 256 -3.60649363996572e-02
251 257 -1.61834712207634e-01
251 259 -9.56437389770724e-03
251 260 -3.38753772188852e-02
251 261 -1.50455417485082e-01
251 263 -1.47996680763726e-02
251 103 -3.36689300411523e-02
251 111 -2.95679012345679e-03
251 114 -1.84174603174603e-02
251 115 -4.40256907701353e-02
251 117 -1.72352733686067e-02
251 118 -1.20224170655917e-01
251 121 -4.04444444444445e-03
251 123 -4.32010582010582e-03
251 125 -5.28721073165518e-02
251 126 -1.75826404635929e-02
251 129 -2.39864953388763e-02
251 133 -6.68481107369997e-03
251 138 -5.94273849607183e-02
251 160 -8.74167601945381e-03
251 190 -1.20511040943658e-01
251 191 -3.10041664296145e-02
251 192 -8.03340919004002e-02
251 195 -1.52457776861269e-01
251 197 -5.62409812409813e-02
251 198 -6.74821208328379e-02
251 199 -2.28206045779523e-02
251 200 -8.50712415156861e-02
251 201 -1.48498819738605e-01
251 202 -1.27534875219412e-01
251 203 -3.75694210577188e-02
251 204 -8.06053565962658e-02
251 205 -8.94456603067715e-02
251 208 -2.12017866319154e-01
251 213 -2.53742766773070e-02
251 215 -3.43454079029837e-02
251 217 -4.29615180603323e-02
252 252 5.43083831945890e+00
252 245 -1.85670082885305e-02
252 247 -4.20731816298610e-02
252 250 -7.89619935188398e-02
252 251 -8.83772543665017e-03
252 253 -1.14078698886191e-03
252 254 -4.89400262806784e-02
252 255 -3.80765273442016e-01
252 258 -2.03859868192855e-01
252 259 -5.53421709455355e-02
252 260 -6.39765676186072e-03
252 264 -2.31240605850387e-03
252 113 -2.85582148225228e-03
252 119 -1.12729795352064e-03
252 137 -7.93513150433026e-03
252 140 -7.39357494306159e-02
252 189 -2.40108216388215e-02
252 196 -4.37551603589368e-02
252 200 -1.38803379416283e-02
252 201 -1.44012389908367e-01
252 207 -4.47129830588728e-02
252 209 -5.78762202071255e-03
252 224 -3.24149777843847e-03
253 253 5.30037035507668e+00
253 245 -8.33236983080896e-03
253 246 -3.80326691589266e-02
253 248 -3.52204096139812e-02
253 249 -4.55323115443683e-01
253 250 -4.20966328798449e-02
253 251 -4.43578890994810e-01
253 252 -1.14078698886191e-03
253 254 -1.09604062078525e-01
253 255 -1.03788491925849e-02
253 256 -3.28749538895221e-02
253 257 -3.08098083198426e-02
253 260 -2.52888580568081e-02
253 261 -6.38306729891584e-02
253 262 -3.50290977762362e-02
253 263 -3.03758210417940e-02
253 115 -4.27586713697825e-03
253 118 -4.11027655187922e-02
253 123 -6.21693121693122e-04
253 125 -6.06496178718401e-03
253 126 -5.51083396321492e-03
253 129 -1.01614176534812e-02
253 190 -1.24024611219085e-02
253 192 -7.54671090825560e-02
253 195 -6.37757461638836e-02
253 198 -3.24551781684398e-02
253 199 -7.72705692495264e-02
253 200 -9.47564051506704e-03
253 201 -1.15967072071824e-02
253 202 -1.61705380329185e-01
253 203 -1.34533368146144e-01
253 205 -2.26572604350382e-03
253 208 -9.89605532382532e-02
253 217 -4.55778988037053e-02
254 254 5.57348711713292e+00
254 245 -2.26823543230064e-02
254 246 -4.06871715909293e-02
254 247 -6.87741328630218e-02
254 249 -1.22792730738145e-01
254 250 -7.65052163109050e-02
254 251 -4.95734498363257e-01
254 252 -4.89400262806784e-02
254 253 -1.09604062078525e-01
254 255 -1.03077595171109e-01
254 256 -1.50004496345114e-02
254 257 -2.23649183948632e-01
254 258 -4.29198751300729e-02
254 259 -1.13839943884559e-01
254 260 -2.93689838755487e-02
254 261 1.44905919800281e-01
254 263 -8.20685220400489e-02
254 265 -8.90112669268604e-02
254 270 -6.73621031254449e-03
254 114 -8.61452926849753e-03
254 117 -1.83709918535315e-02
254 121 -3.64938271604938e-03
254 125 -5.63312239935256e-02
254 131 -5.96220710506425e-03
254 133 -5.43507829618941e-03
254 138 -6.30470932555589e-02
254 140 -6.67376333249350e-02
254 144 -4.36368090071794e-03
254 148 -2.51084993293988e-02
254 160 -1.75722005899255e-02
254 170 -5.10771865798321e-03
254 191 -1.49887542432345e-02
254 195 -1.64480786319276e-01
254 197 -6.38672438672439e-02
254 198 -1.13874730012928e-01
254 200 -9.18157605238253e-02
254 201 -1.97270985148937e-01
254 202 -6.34933996045108e-02
254 203 -1.26062149117672e-01
254 204 -1.09760923228211e-01
254 205 -1.30878274620735e-01
254 207 -1.07817714782231e-01
254 208 -3.29255359811352e-01
254 211 -4.86937496659719e-02
254 213 -7.10846021815888e-02
254 215 -9.50024180118147e-02
254 216 -1.18352918939624e-01
254 217 -6.96561433449216e-02
254 219 -1.64488546566469e-02
254 225 -2.85777983920841e-02
254 226 -4.37134956468176e-02
254 231 -8.66812840838816e-03
255 255 5.41623644344957e+00
255 245 -1.11014038231780e-02
255 247 -1.36389077093049e-01
255 250 -1.08462440102260e-01
255 251 -4.22105585194729e-02
255 252 -3.80765273442016e-01
255 253 -1.03788491925849e-02
255 254 -1.03077595171109e-01
255 258 -3.99891741839527e-01
255 259 -1.65554182858459e-02
255 260 -4.63567906215942e-02
255 261 -1.86283578062975e-02
255 264 -2.10404113605206e-02
255 267 -3.04118909822893e-02
255 268 -2.90330545599363e-03
255 137 -6.08107736099412e-03
255 140 -8.06329133685823e-02
255 196 -1.39042848027817e-01
255 200 -7.80833911740722e-02
255 201 -3.46528475934765e-02
255 204 -1.23256829948228e-01
255 207 -5.07643856409821e-02
255 209 -1.07082333453673e-02
255 210 -5.47331864021907e-02
255 211 -4.21559405283420e-02
255 215 -8.98786273728927e-02
255 218 -2.59223701428003e-03
255 224 -4.30025945165199e-02
255 225 -4.28501037750069e-02
255 235 -5.49554247027366e-03
256 256 5.53765088449532e+00
256 248 -6.84319713828907e-02
256 249 -1.20277580718571e-01
256 251 -3.60649363996572e-02
256 253 -3.28749538895221e-02
256 254 -1.50004496345114e-02
256 257 -3.01538887879507e-02
256 261 -2.45076502100436e-02
256 262 -2.34574772383999e-01
256 263 -2.59012602613019e-02
256 266 -2.89942832183554e-02
256 128 -7.83878125189260e-03
256 129 -3.27623121858294e-02
256 136 -6.93721817551162e-04
256 139 -1.15424152163660e-02
256 150 -2.13071701105000e-03
256 193 -1.13478543174173e-02
256 194 -8.95128255950317e-03
256 199 -2.40675206510708e-02
256 202 -1.04501419560385e-02
256 203 -7.10291858678956e-02
256 206 -7.13774378907921e-02
256 223 -1.03232413326066e-02
256 228 -1.00574900851002e-01
256 238 -7.08036712199043e-03
257 257 6.00073426858174e+00
257 248 -1.06968096137364e-01
257 249 -1.63576936295314e-01
257 251 -1.61834712207634e-01
257 253 -3.08098083198426e-02
257 254 -2.23649183948632e-01
257 256 -3.01538887879506e-02
257 259 -2.38325281803543e-03
257 260 -1.35801016900114e-02
257 261 -2.11757136862658e-01
257 262 -3.62406036263343e-02
257 263 -8.82134044907564e-02
257 265 -2.45225859579987e-02
257 266 -1.04928675776483e-01
257 269 -6.56219578545321e-02
257 118 -6.03193919543126e-02
257 126 -2.32937767699673e-02
257 129 -1.15228092718569e-01
257 134 -5.25925925925926e-03
257 139 -6.09012345679013e-02
257 145 -8.16745230078564e-03
257 147 -3.50617283950618e-03
257 149 -7.67902668661929e-02
257 150 -1.11028806584362e-02
257 155 -3.82235939643347e-03
257 158 -7.50166702296332e-02
257 160 -2.41470008729268e-02
257 167 -1.33782578875172e-02
257 192 -2.46349206349206e-02
257 199 -9.22313525556676e-02
257 202 -5.61061227548536e-02
257 203 -9.46960417977466e-02
257 205 -6.32958660680884e-02
257 206 -2.06787373095039e-01
257 208 -2.82754250060378e-01
257 213 -2.55348516218082e-03
257 214 -1.63854570395311e-01
257 215 -4.93673798021625e-03
257 216 -4.01634843953685e-02
257 217 -3.42539515352492e-01
257 222 -7.68664503791172e-02
257 223 -8.53279892589351e-02
257 226 -2.46970924475651e-02
257 227 -1.05299725983174e-01
257 228 1.05261016101352e-02
257 236 -4.63933926666847e-02
257 237 -2.58688930117502e-02
257 238 -3.27168477133791e-02
258 258 5.30118341918993e+00
258 247 -1.45389447720353e-02
258 250 -6.27240143369176e-03
258 252 -2.03859868192855e-01
258 254 -4.29198751300729e-02
258 255 -3.99891741839527e-01
258 259 -5.86191550657753e-02
258 260 -3.59841358435436e-02
258 261 -2.41453732608780e-03
258 264 -2.48443890242798e-02
258 267 -2.34421194245668e-02
258 268 -8.79610848629666e-03
258 137 -1.22915393466902e-03
258 140 -2.81441640751840e-02
258 196 -1.26315180945774e-02
258 201 -9.65410559131221e-02
258 204 -1.71343422275322e-02
258 207 -2.48500298738503e-01
258 209 -1.41580452854052e-02
258 210 -4.03259199893141e-02
258 211 -7.83492632417364e-03
258 215 -1.65280100889420e-02
258 218 -6.74980976560278e-03
258 224 -5.25848222118982e-02
258 225 -4.97527292655255e-02
258 235 -1.43095967030779e-02
258 243 -4.94528619528620e-04
259 259 5.22175973027576e+00
259 247 -2.73580246913580e-02
259 250 -8.25055754679411e-02
259 251 -9.56437389770724e-03
259 252 -5.53421709455355e-02
259 254 -1.13839943884559e-01
259 255 -1.65554182858459e-02
259 257 -2.38325281803543e-03
259 258 -5.86191550657753e-02
259 260 -4.41992475745098e-01
259 261 -8.82276590415517e-02
259 263 -2.12080641211529e-02
259 264 -6.37691127693712e-02
259 265 -9.54528989430008e-02
259 267 -6.00216239542246e-02
259 268 -4.59191291348967e-02
259 270 -4.18835352872164e-02
259 140 -1.37677001130215e-01
259 142 -2.74919165196943e-03
259 148 -5.88248089359201e-03
259 159 -4.70388007054674e-03
259 169 -2.28880070546737e-03
259 200 -6.21261022927690e-02
259 201 -1.48361215697349e-01
259 204 -8.42760152786802e-02
259 207 -6.92062868764187e-02
259 208 -4.92687747035574e-02
259 209 -5.09018896584257e-02
259 210 -1.33607991970087e-01
259 211 -2.44091030542219e-01
259 213 -3.30892255892256e-02
259 215 -4.96591470800328e-01
259 216 -1.64592592592593e-02
259 217 -2.89855072463768e-03
259 218 -5.56386318605814e-02
259 219 -2.72838026392388e-02
259 224 -5.57101179792190e-02
259 225 -4.13104372292004e-01
259 226 -3.18664909969258e-02
259 230 -1.83169689728830e-02
259 231 -2.05126966312152e-02
259 235 -9.71580517478481e-02
259 244 -4.36824434608933e-02
260 260 5.24364424996113e+00
260 250 -3.54088740723612e-02
260 251 -3.38753772188851e-02
260 252 -6.39765676186072e-03
260 253 -2.52888580568081e-02
260 254 -2.93689838755486e-02
260 255 -4.63567906215942e-02
260 257 -1.35801016900114e-02
260 258 -3.59841358435436e-02
260 259 -4.41992475745098e-01
260 261 -2.92604282563253e-01
260 263 -6.01258014326226e-02
260 264 -2.89955779092312e-02
260 265 -5.86833725143993e-02
260 267 -6.89872523610820e-03
260 268 -3.80893424212060e-02
260 270 -2.88441821423525e-02
260 200 -2.22847565947924e-02
260 201 -1.21271737075761e-01
260 204 -5.46530453881709e-02
260 207 -4.87366094018825e-02
260 208 -7.65615481604262e-02
260 209 -9.98109961986877e-04
260 210 -3.13898350363989e-03
260 211 -1.14762046993230e-02
260 213 -4.94748948781207e-02
260 215 -2.99236774440657e-01
260 216 -3.08917183440481e-02
260 217 -6.28019323671498e-03
260 218 -4.80699209193833e-03
260 219 -3.43451934144885e-02
260 224 -2.39168315589669e-02
260 225 -4.61660519113133e-02
260 226 -7.45266125490530e-02
260 230 -1.63614793322081e-02
260 231 -2.84375596437723e-02
260 235 -2.82589316387405e-02
260 244 -5.06681250373421e-02
261 261 5.66329538859150e+00
261 246 -2.58064516129032e-03
261 249 -2.44886969384398e-02
261 250 -3.01830654796316e-02
261 251 -1.50455417485082e-01
261 253 -6.38306729891584e-02
261 254 1.44905919800281e-01
261 255 -1.86283578062975e-02
261 256 -2.45076502100436e-02
261 257 -2.11757136862657e-01
261 258 -2.41453732608779e-03
261 259 -8.82276590415516e-02
261 260 -2.92604282563253e-01
261 262 -3.06525006660735e-02
261 263 -3.27300794177057e-01
261 265 -6.59019628978097e-02
261 266 -4.43943095181841e-02
261 267 -1.39095904288412e-02
261 269 -7.68188559797920e-02
261 270 -4.02873390399357e-02
261 203 -9.41176418338645e-02
261 204 -5.04648010414257e-02
261 208 -1.48780413439844e-01
261 213 -4.99892454325434e-02
261 215 -1.32128562160647e-01
261 216 -3.44736365316476e-01
261 217 -1.42445086267271e-01
261 219 -2.74821038619877e-02
261 222 -2.14008447528784e-02
261 225 -2.57862575848680e-02
261 226 -1.22689207899648e-01
261 227 -9.79972444226769e-02
261 228 -5.66848620337288e-02
261 231 -1.46315575828700e-02
261 232 -1.26339410939692e-02
261 236 -4.89788062957769e-02
261 241 -7.28964226408013e-03
262 262 5.43935571307183e+00
262 248 -4.10837476394188e-03
262 253 -3.50290977762362e-02
262 256 -2.34574772383999e-01
262 257 -3.62406036263342e-02
262 261 -3.06525006660735e-02
262 263 -5.24253029168155e-02
262 266 -3.07793523244269e-02
262 269 -5.55391325785591e-02
262 150 -2.31378249068155e-03
262 157 -1.01580694712849e-03
262 158 -1.41671137230987e-02
262 177 -1.46727670140782e-03
262 199 -1.17833605866905e-02
262 202 -1.15979790305146e-01
262 206 -6.46363738414265e-02
262 214 -8.34300127059984e-03
262 217 -5.61888571145234e-02
262 222 -5.45087766455919e-02
262 223 -3.53029850793878e-02
262 227 -2.63678595133792e-02
262 228 -4.60589372952876e-02
262 238 -3.60852114914259e-02
262 242 -2.96818996415771e-03
263 263 5.69386091933569e+00
263 249 -4.97005721409649e-03
263 251 -1.47996680763726e-02
263 253 -3.03758210417940e-02
263 254 -8.20685220400489e-02
263 256 -2.59012602613019e-02
263 257 -8.82134044907565e-02
263 259 -2.12080641211529e-02
263 260 -6.01258014326226e-02
263 261 -3.27300794177057e-01
263 262 -5.24253029168154e-02
263 265 -1.66715749714917e-01
263 266 -1.12714237554869e-01
263 267 -1.14527415776115e-02
263 269 1.46839489351442e-01
263 270 -5.68226286471649e-02
263 203 -2.15382638243789e-02
263 208 -5.28513379418923e-02
263 213 -1.62348938045191e-02
263 215 -3.78653852065994e-02
263 216 -9.80199823527147e-02
263 217 -1.36172244427321e-01
263 219 -1.16238637917660e-02
263 222 -7.59166634622456e-02
263 223 -4.19412648861140e-03
263 225 -1.13905006140255e-02
263 226 -1.36991343047261e-01
263 227 -3.44363717654742e-01
263 228 -1.22374767980867e-01
263 231 -6.09304540380478e-03
263 232 -3.27952314165498e-02
263 236 -1.69746535430441e-01
263 237 -4.85074244751665e-02
263 238 -1.50788145064940e-02
263 241 -4.46263285861983e-02
264 264 5.10659091371930e+00
264 252 -2.31240605850387e-03
264 255 -2.10404113605206e-02
264 258 -2.48443890242798e-02
264 259 -6.37691127693712e-02
264 260 -2.89955779092312e-02
264 265 -2.42634361191709e-02
264 267 -4.23228482695999e-01
264 268 -3.82404772924751e-01
264 270 -7.15131829043120e-03
264 207 -3.19612698167335e-02
264 209 -5.96998207885305e-03
264 210 -1.76250584385227e-02
264 215 -5.46616963283630e-03
264 218 -1.24018664467253e-02
264 219 -4.16265832932500e-03
264 224 -3.69410799350447e-01
264 225 -5.36172818262616e-02
264 229 -1.66666666666667e-01
264 230 -8.12343006787452e-03
264 231 -2.26390893057560e-03
264 235 -3.71329129944635e-01
264 243 -3.43997264309764e-01
264 244 -1.97475815287195e-02
265 265 5.33214114493738e+00
265 254 -8.90112669268604e-02
265 257 -2.45225859579987e-02
265 259 -9.54528989430009e-02
265 260 -5.86833725143992e-02
265 261 -6.59019628978097e-02
265 263 -1.66715749714917e-01
265 264 -2.42634361191709e-02
265 266 -1.39202133733193e-02
265 267 -7.89552704174342e-02
265 268 -4.23848474316694e-02
265 269 -1.39493767195927e-01
265 270 -3.83836313169317e-01
265 166 -3.90257738211883e-03
265 169 -3.70467792055094e-03
265 170 -3.67766248933691e-02
265 172 -2.05023842184336e-03
265 176 -2.45791131267322e-03
265 182 -1.41121003070361e-03
265 186 -2.54108923535556e-02
265 187 -3.52802507675904e-03
265 204 -2.20317372862828e-02
265 208 -3.83014404968349e-02
265 213 -5.22986312979058e-02
265 215 -8.92182730543470e-02
265 216 -8.81747902571163e-02
265 217 -2.37792180514298e-02
265 218 -3.88852145796591e-03
265 219 -7.72113088778397e-02
265 220 -2.93290043290044e-02
265 222 -2.55348516218082e-03
265 224 -1.21321869488536e-02
265 225 -1.12605909777143e-01
265 226 -2.82405594846545e-01
265 227 -4.00840426347673e-02
265 228 -5.54957441913964e-03
265 230 -7.23586924216915e-02
265 231 -3.09267146587916e-01
265 232 -6.95588316208231e-02
265 235 -5.45366856298856e-02
265 236 -2.13392009118096e-01
265 240 -8.74303558090288e-03
265 241 -7.33773436308790e-02
265 244 -6.53834463367380e-02
266 266 5.40868797771045e+00
266 256 -2.89942832183554e-02
266 257 -1.04928675776483e-01
266 261 -4.43943095181841e-02
266 262 -3.07793523244269e-02
266 263 -1.12714237554869e-01
266 265 -1.39202133733193e-02
266 269 -4.57765899133947e-01
266 270 -1.76065558518326e-02
266 158 -2.36213991769547e-03
266 202 -1.20987654320988e-02
266 206 -4.32397215691816e-02
266 214 -1.85514403292181e-03
266 217 -4.53786310308050e-02
266 222 -7.81860575126833e-02
266 223 -2.53916530323413e-02
266 226 -7.51552795031057e-03
266 227 -1.91912656420593e-02
266 228 -2.16315464640016e-01
266 236 -1.49159717650501e-01
266 237 -1.13712950771707e+00
266 238 -1.99615252723845e-01
266 242 -5.08629218936679e-02
267 267 5.22367150027969e+00
267 255 -3.04118909822893e-02
267 258 -2.34421194245668e-02
267 259 -6.00216239542246e-02
267 260 -6.89872523610819e-03
267 261 -1.39095904288412e-02
267 263 -1.14527415776115e-02
267 264 -4.23228482695999e-01
267 265 -7.89552704174342e-02
267 268 -4.26545982847425e-01
267 270 -1.28997827343518e-02
267 207 -4.83821262797794e-02
267 209 -6.02252737723602e-03
267 210 -1.91366682250273e-02
267 215 -3.11739917235736e-02
267 218 -1.65622482667174e-02
267 219 -2.30063208175514e-02
267 224 -5.13444345574814e-02
267 225 -7.69135660613669e-02
267 230 -2.36086423560289e-02
267 231 -1.14360669906668e-02
267 235 -2.35746796580126e-01
267 243 -1.16266835016835e-02
267 244 -6.63072682457116e-02
268 268 5.10724223719354e+00
268 255 -2.90330545599363e-03
268 258 -8.79610848629666e-03
268 259 -4.59191291348967e-02
268 260 -3.80893424212060e-02
268 264 -3.82404772924751e-01
268 265 -4.23848474316694e-02
268 267 -4.26545982847425e-01
268 269 -2.26615793733380e-03
268 270 -1.83365748623943e-02
268 186 -1.32963348363973e-03
268 207 -6.71976174397867e-03
268 209 -6.45161290322581e-04
268 210 -4.05797101449276e-03
268 215 -1.23146829275862e-02
268 218 -6.56565656565657e-03
268 219 -1.28421938026517e-02
268 224 -1.81664380480825e-02
268 225 -5.67965706185122e-02
268 230 -2.05384374629302e-02
268 231 -1.71058162017579e-02
268 235 -3.74566414881957e-01
268 240 -1.67429760665973e-01
268 241 -7.54306856283964e-03
268 243 -3.43997264309764e-01
268 244 -3.60755458873708e-01
269 269 5.45910246334495e+00
269 257 -6.56219578545321e-02
269 261 -7.68188559797920e-02
269 262 -5.55391325785591e-02
269 263 1.46839489351442e-01
269 265 -1.39493767195927e-01
269 266 -4.57765899133947e-01
269 268 -2.26615793733380e-03
269 270 -2.35322845608356e-02
269 87 -8.25528962885883e-04
269 167 -1.14370598639631e-02
269 174 -6.74630222587873e-03
269 175 -2.27832835938810e-02
269 177 -5.34876475480675e-03
269 184 -4.87306542457427e-03
269 187 -8.14779027578196e-03
269 188 -6.77175753054975e-02
269 217 -3.85610766045549e-02
269 222 -2.29907758126886e-02
269 223 -1.61432553905672e-03
269 226 -6.64935773280795e-02
269 227 -1.01708364827413e-01
269 228 -9.20287198909831e-02
269 231 -1.24898832234941e-02
269 232 -3.03763440860215e-02
269 233 -8.28096761346849e-02
269 234 -2.47752621385160e-02
269 236 -2.37161464047984e-01
269 237 -1.50468544756222e-01
269 238 -4.89230955225579e-02
269 241 -1.99834828138673e-03
269 242 -2.10355009387258e-03
269 244 -1.25737079431148e-02
270 270 5.33199820936005e+00
270 254 -6.73621031254449e-03
270 259 -4.18835352872164e-02
270 260 -2.88441821423525e-02
270 261 -4.02873390399357e-02
270 263 -5.68226286471649e-02
270 264 -7.15131829043120e-03
270 265 -3.83836313169317e-01
270 266 -1.76065558518326e-02
270 267 -1.28997827343518e-02
270 268 -1.83365748623943e-02
270 269 -2.35322845608356e-02
270 170 -1.18831978006449e-03
270 182 -6.17926285633535e-04
270 186 -6.45220935716947e-03
270 187 -1.54481571408384e-03
270 213 -4.77719924724533e-03
270 215 -2.77378717317274e-02
270 216 -3.14895277107259e-03
270 219 -2.49461726831530e-02
270 225 -5.12948584857703e-02
270 226 -5.80956509596061e-02
270 230 -2.25678057254685e-02
270 231 -3.02086263614434e-02
270 232 -2.43870967741936e-02
270 235 -1.61897046932889e-02
270 236 -7.82681451612904e-02
270 240 -2.57090002147234e-03
270 241 -1.48132009480865e-02
270 243 -4.94528619528620e-04
270 244 -2.75961588518965e-02
