0 88 0 88
0 0 5.33004168391046e+00
0 1 -8.61322816967978e-03
0 3 -4.46049166026018e-02
0 4 -4.56635501595179e-02
0 5 -3.64301061592728e-02
0 6 -6.68926692965154e-02
0 7 -2.52123798145304e-01
0 8 -7.58122586906706e-02
0 9 -1.01317663817664e-02
0 11 -2.51250847117817e-02
0 12 -3.85501156970687e-01
0 13 -3.17448286031359e-02
0 15 -2.24491779175240e-02
0 16 -7.20652632689670e-03
0 17 -5.95168860493682e-02
0 18 -8.21862999389510e-02
0 20 -1.09467652379440e-02
0 21 -2.59049194533066e-02
0 22 -4.32380186015784e-02
0 23 -2.40735871624517e-02
0 26 -4.31563395296445e-02
0 28 -3.71876236443087e-02
0 29 -5.03240898618688e-02
0 33 -1.11491006392151e-03
0 35 -1.44219755420472e-02
0 36 -7.08078496747294e-03
0 37 -4.81357995851827e-03
0 40 -8.99006845193853e-04
0 43 -4.11985814096711e-03
0 89 -1.01317663817664e-02
0 97 -2.94812440645774e-03
0 99 -1.72316094896740e-02
0 110 -5.09010901484020e-03
1 1 5.27719796500838e+00
1 0 -8.61322816967978e-03
1 2 -1.94668097467915e-01
1 4 -3.79960225461484e-01
1 8 -3.56125356125356e-03
1 9 -9.70719095719097e-03
1 10 -2.16558553758022e-01
1 12 -7.96850998463902e-04
1 13 -3.86669272746183e-01
1 14 -4.04156326951844e-01
1 15 -3.78871444581825e-02
1 18 -8.86456733230927e-04
1 19 -1.71970691804426e-02
1 23 -1.34541649127584e-02
1 24 -5.90036325736744e-02
1 25 -2.69960608313546e-02
1 26 -4.54777779613021e-03
1 27 -2.10587483538527e-02
1 30 -4.16845069718985e-02
1 36 -3.74115412920477e-03
1 44 -2.19852923633708e-03
1 53 -7.01429837746175e-04
1 89 -1.15740740740741e-03
1 90 -3.91865079365080e-03
1 91 -1.84281909597770e-02
1 95 -8.40053763440861e-04
1 101 -1.24684343434344e-02
1 102 -1.35264682172634e-02
1 104 -3.91865079365080e-03
1 105 -3.23505148773966e-03
2 2 5.46857852063822e+00
2 1 -1.94668097467915e-01
2 4 -1.51088035225652e-02
2 10 -3.74553946506340e-02
2 13 -6.07825567502987e-03
2 14 -3.82219437699927e-01
2 15 -3.79330943847073e-03
2 19 -1.94001835472309e-01
2 24 -4.05768369175628e-02
2 25 -3.83029516899834e-02
2 27 -9.83928777893399e-03
2 30 -1.55270358808340e-02
2 45 -2.10428951323853e-03
2 91 -2.45570923420820e-02
2 95 -7.56048387096774e-03
2 102 -2.45570923420820e-02
2 105 -5.68623058542414e-03
2 124 -1.25737079431148e-03
3 3 5.28465003492851e+00
3 0 -4.46049166026018e-02
3 5 -3.74340474247820e-01
3 6 -5.34612840862841e-02
3 7 -1.57711150303743e-03
3 11 -3.91746271093204e-01
3 12 -1.11268191700139e-01
3 15 -1.67568097197727e-03
3 16 -3.78488168666379e-01
3 17 -2.07712329638480e-02
3 18 -1.87281990985695e-03
3 20 -3.69429377027379e-02
3 21 -1.12828276082133e-02
3 22 -1.87281990985695e-03
3 28 -4.13441288031516e-02
3 29 -1.00751193025361e-02
3 31 -1.36812839175829e-02
3 37 -5.04997672300251e-04
3 38 -6.28264820657005e-04
3 42 -2.17506871455305e-03
3 46 -5.56690347417599e-04
3 54 -3.61848725821440e-04
3 92 -3.82128647214854e-02
3 97 -2.62896851334236e-02
3 99 -5.91416813639036e-04
3 108 -1.29865390312183e-02
3 130 -2.50510656337920e-04
4 4 5.28348990744579e+00
4 0 -4.56635501595179e-02
4 1 -3.79960225461484e-01
4 2 -1.51088035225652e-02
4 8 -8.52326685660020e-02
4 9 -1.09942380150713e+00
4 10 -2.02745629829657e-01
4 12 -2.17805939580133e-03
4 13 -3.92652822253287e-01
4 14 -4.70661157653454e-02
4 15 -4.55569876952632e-01
4 18 -3.55724099675713e-03
4 19 -1.11901053639897e-02
4 22 -1.10185185185185e-03
4 23 -3.95413636708440e-02
4 24 -8.55139130831336e-02
4 25 -2.10494595431772e-02
4 26 -1.43694458667577e-02
4 27 -1.32186847259812e-02
4 29 -2.65200617283951e-03
4 30 -3.16742737349441e-02
4 35 -3.53240740740741e-03
4 36 -1.16477820570855e-02
4 41 -7.83926218708828e-03
4 44 -3.74279258220353e-03
4 89 -4.02006172839506e-02
4 90 -3.88007054673722e-03
4 91 -1.06729860834550e-02
4 95 -5.04032258064516e-04
4 101 -6.53468445135112e-02
4 102 -1.01903355522440e-02
4 104 -3.88007054673722e-03
4 105 -2.62053314622013e-03
4 110 -3.24074074074074e-04
4 111 -2.24358974358975e-03
4 115 -2.24358974358975e-03
4 122 -1.12345679012346e-03
4 123 -7.54662004662005e-03
5 5 5.28906193681039e+00
5 0 -3.64301061592728e-02
5 3 -3.74340474247820e-01
5 6 -1.09317935424790e+00
5 7 -1.05570478903812e-02
5 11 -3.65343057722890e-02
5 12 -9.13598302510929e-02
5 15 -1.40917107583774e-03
5 16 -3.82661402580477e-01
5 17 -1.87823688271605e-01
5 18 -1.57495590828924e-03
5 20 -1.93198700547523e-01
5 21 -7.78467908902692e-03
5 22 -1.57495590828924e-03
5 28 -2.66262174765843e-02
5 29 -7.20443217544667e-03
5 31 -2.88786482334870e-03
5 92 -9.97382080973892e-02
5 93 -1.55831265508685e-02
5 97 -3.78303405106290e-01
5 98 -4.91315136476427e-02
5 99 -9.72812372812374e-03
5 107 -4.01916184174249e-02
5 108 -1.53856985308598e-02
5 113 -7.15811965811967e-03
5 189 -6.78246484698098e-03
6 6 5.65581854043393e+00
6 0 -6.68926692965155e-02
6 3 -5.34612840862841e-02
6 5 -1.09317935424790e+00
6 7 -1.09046043562173e+00
6 8 -8.87573964497042e-03
6 11 -1.64097476597477e-02
6 12 -6.68358355691131e-02
6 15 -1.46614069690993e-02
6 16 -6.26780626780627e-03
6 17 -1.05487179487179e+00
6 18 -8.11965811965813e-03
6 20 -7.85510785510786e-03
6 21 -1.04942743091411e-02
6 22 -8.11965811965813e-03
6 28 -1.43476491302578e-02
6 29 -1.47342995169082e-02
6 92 -2.70668611459455e-02
6 93 -2.89231010083383e-02
6 97 -5.13647642679901e-02
6 98 -1.66274108209592e-01
6 99 -5.33354910634013e-02
6 107 -1.09485843933657e-02
6 109 -1.29714968424646e-03
6 113 -5.07765830346476e-03
6 114 -3.68292556230845e-03
6 117 -7.37540236703247e-03
6 120 -1.93719064686807e-03
6 189 -5.29540987397387e-03
6 191 -5.52665047982426e-03
7 7 5.48371358024691e+00
7 0 -2.52123798145304e-01
7 3 -1.57711150303743e-03
7 5 -1.05570478903812e-02
7 6 -1.09046043562173e+00
7 8 -1.08529914529915e+00
7 11 -1.77150695669214e-03
7 12 -7.85715578322716e-02
7 13 -2.35762644364795e-03
7 15 -5.25400939164380e-02
7 16 -1.20713305898491e-03
7 17 -1.86164609053498e-01
7 18 -1.99435057176993e-01
7 20 -1.51283558690966e-03
7 21 -7.72946859903382e-03
7 22 -1.90447402856005e-01
7 23 -3.35802469135803e-03
7 26 -1.28055223682464e-02
7 28 -7.07887091139910e-03
7 29 -1.94245625665292e-02
7 35 -2.79835390946502e-03
7 89 -4.00000000000000e-02
7 92 -1.59602977667494e-02
7 93 -5.73663824513754e-02
7 97 -9.72459639126307e-03
7 98 -5.10967741935484e-02
7 99 -3.60301449275362e-01
7 100 -8.88888888888890e-03
7 107 -3.66895077806719e-02
7 110 -9.87654320987656e-03
7 114 -5.16770186335405e-03
7 117 -1.02579309423629e-02
7 191 -5.33333333333334e-03
8 8 5.47411546984197e+00
8 0 -7.58122586906706e-02
8 1 -3.56125356125356e-03
8 4 -8.52326685660020e-02
8 6 -8.87573964497042e-03
8 7 -1.08529914529915e+00
8 9 -1.83257072145961e-01
8 12 -2.76464368275783e-02
8 13 -1.64483962871060e-02
8 15 -1.47303386339550e-01
8 17 -8.11965811965813e-03
8 18 -1.13168859217246e+00
8 22 -1.24786324786325e-02
8 23 -4.58853492186826e-02
8 24 -6.73400673400674e-03
8 26 -1.40998070030328e-02
8 29 -1.28846153846154e-02
8 35 -3.63247863247864e-03
8 89 -3.39822728711618e-01
8 93 -2.05679012345679e-01
8 99 -7.96011396011397e-02
8 100 -7.40740740740741e-02
8 101 -1.01010101010101e-02
8 110 -3.83190883190883e-02
9 9 5.49438558496884e+00
9 0 -1.01317663817664e-02
9 1 -9.70719095719097e-03
9 4 -1.09942380150713e+00
9 8 -1.83257072145961e-01
9 10 -1.06431457431457e+00
9 13 -7.38014069264070e-02
9 14 -2.15295815295815e-02
9 15 -1.18422994965503e-01
9 18 -8.24915824915825e-02
9 23 -1.01967146209570e-01
9 24 -7.64264523355432e-02
9 25 -7.02020202020203e-03
9 30 -3.61631466176921e-02
9 41 -1.23966942148761e-02
9 89 -3.52707519952288e-01
9 90 -1.89361092716972e-01
9 91 -5.65656565656566e-03
9 93 -7.22626893282460e-03
9 94 -6.41692681234825e-03
9 96 -8.09342120476356e-04
9 100 -8.24915824915825e-02
9 101 -3.58671476779981e-01
9 102 -5.65656565656566e-03
9 103 -1.50880641307280e-02
9 104 -2.49328901722242e-02
9 105 -2.52525252525253e-03
9 111 -1.04895104895105e-02
9 115 -1.73174674787578e-02
9 118 -3.07445396935512e-03
9 123 -2.28862047043866e-02
9 190 -1.24907641400878e-02
9 192 -7.76307748212015e-04
10 10 5.46162848851109e+00
10 1 -2.16558553758022e-01
10 2 -3.74553946506340e-02
10 4 -2.02745629829657e-01
10 9 -1.06431457431457e+00
10 13 -3.23716733899188e-02
10 14 -4.71867058871184e-02
10 15 -4.84129280105898e-02
10 19 -2.92590188915972e-02
10 23 -3.65652076318743e-02
10 24 -3.20462472527086e-01
10 25 -4.80773976978801e-02
10 27 -2.18361508681529e-02
10 30 -4.06374454892803e-02
10 50 -2.51299235743680e-03
10 90 -1.05961640211640e+00
10 91 -1.95228132052303e-01
10 95 -8.03614097968937e-03
10 101 -1.23930976430977e-01
10 102 -3.69163426354149e-02
10 104 -5.96164021164022e-02
10 105 -8.03959601562648e-03
10 112 -1.35353535353536e-02
10 116 -1.35353535353536e-02
10 124 -2.81234567901235e-03
10 127 -1.37860082304527e-03
10 135 -3.04867724867725e-03
11 11 5.26426742477929e+00
11 0 -2.51250847117817e-02
11 3 -3.91746271093204e-01
11 5 -3.65343057722890e-02
11 6 -1.64097476597477e-02
11 7 -1.77150695669214e-03
11 12 -2.62853969380235e-01
11 15 -1.88222614148540e-03
11 16 -2.21060936334812e-01
11 17 -2.62621090218910e-02
11 18 -2.10366451107192e-03
11 20 -4.73169314616303e-02
11 21 -2.80052242184080e-02
11 22 -4.11895785236496e-03
11 26 -8.22796745013187e-03
11 28 -3.63940401309019e-02
11 29 -3.39878086080474e-02
11 31 -2.79156676063110e-02
11 33 -2.46983548882612e-03
11 37 -1.64825257128455e-02
11 38 -6.81644171395258e-03
11 42 -9.51568638914823e-03
11 43 -9.75897296136631e-03
11 46 -3.43435122022242e-03
11 51 -2.32396808879639e-03
11 54 -2.23232829314457e-03
11 97 -1.50736402685327e-02
11 99 -6.64315108759554e-04
11 108 -1.44623564151833e-02
11 130 -1.54545804910009e-03
12 12 5.38365763811584e+00
12 0 -3.85501156970687e-01
12 1 -7.96850998463902e-04
12 3 -1.11268191700139e-01
12 4 -2.17805939580133e-03
12 5 -9.13598302510929e-02
12 6 -6.68358355691131e-02
12 7 -7.85715578322716e-02
12 8 -2.76464368275783e-02
12 11 -2.62853969380234e-01
12 13 -1.48049997063611e-02
12 15 -8.65487514798747e-02
12 16 -5.28678310490755e-02
12 17 -3.27630669008425e-01
12 18 -5.97602757559205e-02
12 20 -1.03824425868300e-01
12 21 -5.89833562173337e-02
12 22 -1.09505066860651e-01
12 23 -2.64210182755198e-02
12 26 -6.08696271786875e-02
12 28 3.08062068045234e-02
12 29 1.53950032956753e-02
12 31 -2.17961019350961e-02
12 33 -6.25316519555990e-02
12 35 -1.77714185946226e-02
12 36 -9.47273733557863e-03
12 37 -8.59200698197075e-02
12 38 -3.64713627386439e-03
12 40 -4.09214597312313e-03
12 42 -1.38715635404353e-02
12 43 -2.38938096766705e-02
12 51 -2.88241415192508e-03
12 97 -2.13847026975241e-02
12 99 -2.09529381757058e-02
12 108 -5.40418152914194e-03
12 110 -6.27226538633739e-03
13 13 5.12488246304894e+00
13 0 -3.17448286031359e-02
13 1 -3.86669272746183e-01
13 2 -6.07825567502987e-03
13 4 -3.92652822253287e-01
13 7 -2.35762644364795e-03
13 8 -1.64483962871060e-02
13 9 -7.38014069264070e-02
13 10 -3.23716733899188e-02
13 12 -1.48049997063611e-02
13 14 -2.43096248239878e-01
13 15 -4.49147383777254e-01
13 17 -2.79968140183194e-03
13 18 -1.53850486431132e-02
13 19 -2.72249807106503e-02
13 22 -1.98816065532854e-02
13 23 -7.00127369298590e-02
13 24 -1.10016299971178e-01
13 25 -2.68033685344575e-02
13 26 -3.49653506445680e-02
13 27 -4.48595242814434e-02
13 29 -3.71796795864709e-02
13 30 -5.78655769312787e-02
13 35 -3.03588112305854e-02
13 36 -5.12059749012447e-02
13 41 -3.72798107300212e-02
13 44 -2.48541895922418e-02
13 53 -5.60604308783289e-03
13 89 -3.35648148148148e-03
13 90 -4.48633156966491e-03
13 91 -7.70812867826011e-03
13 99 -8.84109916367981e-04
13 101 -8.13628809462143e-02
13 102 -6.08726049825214e-03
13 104 -4.48633156966491e-03
13 105 -1.99392514207329e-03
13 110 -3.66497411389885e-03
13 111 -6.43162393162394e-03
13 115 -6.43162393162394e-03
13 122 -8.58417629098633e-03
13 123 -2.67167330877009e-02
14 14 5.14316962050760e+00
14 1 -4.04156326951844e-01
14 2 -3.82219437699927e-01
14 4 -4.70661157653454e-02
14 9 -2.15295815295815e-02
14 10 -4.71867058871185e-02
14 13 -2.43096248239878e-01
14 15 -4.00756565721845e-02
14 19 -3.97254639144490e-01
14 23 -3.21498940480904e-02
14 24 -1.01970232477819e-01
14 25 -4.65522200824165e-02
14 26 -5.14925112913320e-03
14 27 -2.39874031155608e-01
14 30 -9.76370011893540e-02
14 36 -6.51643368258006e-03
14 44 -4.32941141924840e-03
14 45 -1.59755803496872e-02
14 50 -1.41483245149912e-02
14 53 -1.38127721894631e-03
14 90 -1.80621693121693e-02
14 91 -2.38044752551141e-02
14 95 -4.71475507765831e-03
14 101 -3.95917508417509e-02
14 102 -2.21443989457141e-02
14 104 -1.80621693121693e-02
14 105 -7.12958221918796e-03
14 112 -2.00505050505051e-02
14 116 -2.00505050505051e-02
14 124 -1.50392301523068e-02
14 127 -4.52674897119342e-03
14 135 -1.24620223398001e-02
15 15 4.97325614315363e+00
15 0 -2.24491779175240e-02
15 1 -3.78871444581825e-02
15 2 -3.79330943847073e-03
15 3 -1.67568097197727e-03
15 4 -4.55569876952632e-01
15 5 -1.40917107583774e-03
15 6 -1.46614069690993e-02
15 7 -5.25400939164380e-02
15 8 -1.47303386339550e-01
15 9 -1.18422994965503e-01
15 10 -4.84129280105898e-02
15 11 -1.88222614148540e-03
15 12 -8.65487514798747e-02
15 13 -4.49147383777254e-01
15 14 -4.00756565721846e-02
15 16 -1.28257887517147e-03
15 17 -2.01241883697081e-02
15 18 -4.45617074595421e-01
15 19 -1.12249591246981e-02
15 20 -1.60738781109152e-03
15 21 -1.62560386473430e-02
15 22 -5.41890543551958e-02
15 23 -4.09122415742769e-01
15 24 -5.13795732338043e-02
15 25 -1.68283606840272e-02
15 26 -7.04539353461472e-02
15 27 -2.69662913726018e-02
15 28 -1.35092230486756e-02
15 29 -6.94181651320520e-02
15 30 -7.75769205986132e-02
15 35 -5.73912948229257e-02
15 36 -5.59775223508648e-02
15 37 -4.22597001763669e-03
15 40 -7.93219429747208e-03
15 41 -5.10672602174579e-02
15 44 -2.59018425747560e-02
15 48 -1.15539452495974e-02
15 52 -2.22590292155510e-03
15 55 -1.06401758556348e-02
15 89 -7.31208392088022e-02
15 90 -9.11295494628829e-03
15 91 -7.95301481561936e-03
15 97 -5.24691358024692e-04
15 99 -1.16184896346187e-02
15 100 -2.04264870931538e-01
15 101 -6.60759498638286e-02
15 102 -6.94146563202717e-03
15 104 -9.11295494628829e-03
15 105 -2.64728412876561e-03
15 110 -1.87892186467455e-02
15 111 -1.16608391608392e-02
15 115 -1.16608391608392e-02
15 122 -8.15807020538204e-03
15 123 -4.06185985731441e-02
15 132 -3.53621399176955e-03
15 133 -7.59259259259260e-03
16 16 5.10007077170251e+00
16 0 -7.20652632689670e-03
16 3 -3.78488168666379e-01
16 5 -3.82661402580477e-01
16 6 -6.26780626780627e-03
16 7 -1.20713305898491e-03
16 11 -2.21060936334812e-01
16 12 -5.28678310490755e-02
16 15 -1.28257887517147e-03
16 17 -1.90109960617726e-01
16 18 -1.43347050754458e-03
16 20 -3.81637146784563e-01
16 21 -1.05137395459976e-02
16 22 -1.43347050754458e-03
16 28 -5.53786753542988e-02
16 29 -9.10947387052525e-03
16 31 -1.91599382073714e-01
16 37 -8.54611445431194e-04
16 38 -1.06321738880416e-03
16 42 -3.68088551693593e-03
16 46 -9.42091357168245e-04
16 54 -6.12359382159359e-04
16 92 -1.11459828059930e-01
16 97 -3.80133960241088e-01
16 99 -4.52674897119342e-04
16 107 -1.42318625633420e-02
16 108 -3.55985749503611e-01
16 113 -4.55351625262638e-02
16 130 -4.23941110725710e-04
16 189 -4.26399703374120e-03
16 196 -4.82017055988135e-03
17 17 5.46777572016461e+00
17 0 -5.95168860493682e-02
17 3 -2.07712329638480e-02
17 5 -1.87823688271605e-01
17 6 -1.05487179487179e+00
17 7 -1.86164609053498e-01
17 8 -8.11965811965813e-03
17 11 -2.62621090218910e-02
17 12 -3.27630669008425e-01
17 13 -2.79968140183194e-03
17 15 -2.01241883697081e-02
17 16 -1.90109960617726e-01
17 18 -1.90322443154880e-01
17 20 -1.90138511185704e-01
17 21 -1.06202898550725e+00
17 22 -1.90205159204263e-01
17 23 -3.98765432098766e-03
17 26 -1.52065578122926e-02
17 28 -6.19441745484809e-02
17 29 -5.82044610339764e-02
17 31 -3.47670250896057e-03
17 35 -3.32304526748971e-03
17 97 -1.78364197530864e-01
17 98 -1.00000000000000e+00
17 99 -1.78376543209877e-01
17 108 -1.15890083632019e-03
17 110 -1.17283950617284e-03
18 18 5.13257460371644e+00
18 0 -8.21862999389510e-02
18 1 -8.86456733230927e-04
18 3 -1.87281990985695e-03
18 4 -3.55724099675713e-03
18 5 -1.57495590828924e-03
18 6 -8.11965811965813e-03
18 7 -1.99435057176993e-01
18 8 -1.13168859217246e+00
18 9 -8.24915824915825e-02
18 11 -2.10366451107192e-03
18 12 -5.97602757559205e-02
18 13 -1.53850486431132e-02
18 15 -4.45617074595421e-01
18 16 -1.43347050754458e-03
18 17 -1.90322443154880e-01
18 20 -1.79649225945522e-03
18 21 -1.42512077294686e-02
18 22 -3.81568799192703e-01
18 23 -3.86885545016733e-01
18 24 -3.36950056116723e-02
18 26 -3.83494205264228e-02
18 28 -1.21823266791061e-02
18 29 -4.98627190327734e-02
18 30 -9.92746913580247e-03
18 35 -1.95792237962489e-01
18 36 -1.73025630281403e-02
18 37 -1.34259259259259e-03
18 40 -2.52006172839506e-03
18 55 -2.61728395061729e-03
18 89 -7.40740740740741e-02
18 93 -7.37728020175685e-02
18 97 -5.86419753086420e-04
18 99 -3.63179406058477e-01
18 100 -3.31275720164609e-01
18 101 -4.54545454545455e-02
18 103 -4.37575935724084e-02
18 107 -1.19982278114323e-02
18 110 -3.44505224630673e-01
18 114 -4.62654107984221e-02
18 117 -1.07605926607537e-02
18 122 -2.24691358024691e-03
18 132 -1.12345679012346e-03
18 195 -4.27983539094651e-03
18 198 -5.60258671369783e-03
19 19 5.26409953511986e+00
19 1 -1.71970691804426e-02
19 2 -1.94001835472309e-01
19 4 -1.11901053639897e-02
19 10 -2.92590188915972e-02
19 13 -2.72249807106503e-02
19 14 -3.97254639144490e-01
19 15 -1.12249591246981e-02
19 23 -6.90305650529376e-03
19 24 -6.84724902348858e-02
19 25 -2.33366271349883e-01
19 26 -2.53439704012025e-03
19 27 -4.08935033886886e-01
19 30 -7.83822570402030e-02
19 36 -3.91295236443520e-03
19 44 -4.86561720595280e-03
19 45 -2.89421269914680e-02
19 50 -3.33424720346124e-02
19 53 -5.80936567037065e-03
19 61 -1.46484375000000e-03
19 91 -1.69719971373270e-02
19 95 -1.06406810035842e-03
19 102 -1.67602192824690e-02
19 105 -4.04482183156019e-03
19 112 -5.28499278499279e-03
19 116 -5.28499278499279e-03
19 124 -1.62041864709039e-02
19 127 -4.18420853008667e-03
19 135 -1.53940461290052e-02
19 136 -1.10241935483871e-02
20 20 5.46047635127842e+00
20 0 -1.09467652379440e-02
20 3 -3.69429377027379e-02
20 5 -1.93198700547523e-01
20 6 -7.85510785510786e-03
20 7 -1.51283558690966e-03
20 11 -4.73169314616303e-02
20 12 -1.03824425868300e-01
20 15 -1.60738781109152e-03
20 16 -3.81637146784563e-01
20 17 -1.90138511185704e-01
20 18 -1.79649225945522e-03
20 21 -1.06421484598203e+00
20 22 -3.00348956872695e-03
20 26 -4.34649753068068e-03
20 28 -2.34515541209909e-01
20 29 -5.51700653706050e-02
20 31 -1.94092444855539e-01
20 32 -1.00000000000000e+00
20 33 -1.14381513965281e-03
20 37 -6.06099106437709e-03
20 38 -2.19265733297083e-03
20 42 -8.81355915909869e-03
20 43 -3.49244889307324e-03
20 46 -1.22471876431872e-03
20 51 -6.40536478205573e-04
20 54 -7.96067196807167e-04
20 97 -1.79862320077374e-01
20 99 -5.67313345091123e-04
20 108 -1.79432432779641e-01
20 109 -1.00000000000000e+00
20 130 -5.51123443943423e-04
21 21 5.65809896737523e+00
21 0 -2.59049194533066e-02
21 3 -1.12828276082133e-02
21 5 -7.78467908902692e-03
21 6 -1.04942743091411e-02
21 7 -7.72946859903382e-03
21 11 -2.80052242184080e-02
21 12 -5.89833562173338e-02
21 15 -1.62560386473430e-02
21 16 -1.05137395459976e-02
21 17 -1.06202898550725e+00
21 18 -1.42512077294686e-02
21 20 -1.06421484598203e+00
21 22 -1.11022262294352e+00
21 23 -4.92753623188406e-03
21 26 -2.77201184354060e-02
21 28 -6.97642552084895e-02
21 29 -5.89912712447623e-02
21 31 -4.20757363253857e-03
21 32 -6.12244897959184e-04
21 33 -1.04698457223001e+00
21 34 -6.12244897959184e-04
21 35 -4.10628019323672e-03
21 37 -5.30621785881253e-02
21 39 -2.97619047619048e-04
21 43 -6.07760635811127e-03
21 92 -3.53430619559652e-03
21 93 -3.38370972512427e-03
21 97 -6.46997929606626e-03
21 98 -1.76538780386707e-01
21 99 -5.18633540372671e-02
21 107 -2.21257854325376e-02
21 108 -1.40252454417952e-03
21 109 -1.78330309901738e-01
21 110 -4.66873706004141e-02
21 113 -9.73356009070295e-03
21 114 -6.67258506388942e-03
21 117 -1.46611650369414e-02
21 119 -1.22448979591837e-03
21 120 -2.26349584278156e-01
21 121 -1.17501546072975e-03
21 125 -6.49350649350650e-04
21 131 -2.23072562358277e-03
21 137 -2.38151927437642e-03
21 138 -2.03257060399918e-03
21 140 -1.09846938775510e-02
21 142 -9.05895691609978e-04
21 148 -2.10657596371882e-03
21 196 -3.31746031746032e-03
21 197 -1.94805194805195e-03
21 200 -3.79220779220780e-03
21 201 -4.08946608946609e-03
22 22 5.30641289144093e+00
22 0 -4.32380186015784e-02
22 3 -1.87281990985695e-03
22 4 -1.10185185185185e-03
22 5 -1.57495590828924e-03
22 6 -8.11965811965813e-03
22 7 -1.90447402856005e-01
22 8 -1.24786324786325e-02
22 11 -4.11895785236496e-03
22 12 -1.09505066860651e-01
22 13 -1.98816065532854e-02
22 15 -5.41890543551958e-02
22 16 -1.43347050754458e-03
22 17 -1.90205159204263e-01
22 18 -3.81568799192703e-01
22 20 -3.00348956872695e-03
22 21 -1.11022262294352e+00
22 23 -1.99096086239637e-01
22 24 -3.29506172839506e-03
22 26 -3.50061302793493e-02
22 28 -5.80726417227164e-02
22 29 -2.37635956118673e-01
22 30 -9.64382716049383e-03
22 33 -1.14381513965281e-03
22 34 -1.04523809523810e+00
22 35 -1.96031038667956e-01
22 36 -1.68173338561154e-02
22 37 -6.24260928019414e-03
22 40 -3.37037439479588e-03
22 43 -4.22666927795514e-03
22 55 -2.54250440917108e-03
22 93 -7.31538992408559e-03
22 97 -5.86419753086420e-04
22 98 -5.11243386243387e-02
22 99 -3.47102156103208e-01
22 107 -2.49309868875087e-02
22 109 -5.17195767195768e-02
22 110 -3.36146171132730e-01
22 113 -8.33333333333334e-03
22 114 -6.39195788108832e-02
22 117 -7.68040393583873e-02
22 120 -1.94378306878304e-02
22 121 -4.85209235209236e-02
22 122 -2.18271604938272e-03
22 125 -3.78787878787879e-03
22 131 -5.02976190476191e-02
22 132 -1.09135802469136e-03
22 138 -8.74819624819626e-03
22 148 -5.75396825396826e-03
22 200 -7.39898989898991e-03
23 23 5.15039318563173e+00
23 0 -2.40735871624517e-02
23 1 -1.34541649127584e-02
23 4 -3.95413636708440e-02
23 7 -3.35802469135803e-03
23 8 -4.58853492186826e-02
23 9 -1.01967146209570e-01
23 10 -3.65652076318743e-02
23 12 -2.64210182755198e-02
23 13 -7.00127369298589e-02
23 14 -3.21498940480904e-02
23 15 -4.09122415742769e-01
23 17 -3.98765432098766e-03
23 18 -3.86885545016733e-01
23 19 -6.90305650529376e-03
23 21 -4.92753623188406e-03
23 22 -1.99096086239637e-01
23 24 -2.32504701243956e-01
23 25 -1.25073913740580e-02
23 26 -7.94019473683003e-02
23 27 -2.72740273158984e-02
23 28 -3.66827697262480e-03
23 29 -5.47297517541986e-02
23 30 -4.75795425834429e-02
23 35 -4.80571289443332e-01
23 36 -7.50154771711291e-02
23 37 -4.73104056437390e-03
23 40 -8.88021751910642e-03
23 41 -1.42265474241759e-01
23 44 -4.32133193303989e-02
23 48 -6.81232616015225e-02
23 50 -9.95583541038088e-03
23 52 -3.63745111571199e-03
23 55 -1.31479692252639e-02
23 89 -4.15263748597082e-02
23 90 -5.05050505050506e-03
23 91 -2.51402918069585e-03
23 99 -1.25925925925926e-03
23 100 -1.86868686868687e-01
23 101 -1.22530903439994e-01
23 102 -2.51402918069585e-03
23 104 -5.05050505050506e-03
23 105 -1.12233445566779e-03
23 110 -1.81473232064630e-01
23 111 -1.05703962703963e+00
23 115 -5.70396270396271e-02
23 122 -2.08987122634434e-01
23 123 -1.08288479197570e-01
23 124 -3.43434343434344e-03
23 126 -7.57575757575759e-03
23 127 -1.68350168350169e-03
23 132 -3.95884773662552e-03
23 133 -6.16498316498317e-02
23 134 -1.58402203856750e-02
23 135 -3.72294372294373e-03
24 24 5.71865114216127e+00
24 1 -5.90036325736744e-02
24 2 -4.05768369175627e-02
24 4 -8.55139130831336e-02
24 8 -6.73400673400674e-03
24 9 -7.64264523355432e-02
24 10 -3.20462472527086e-01
24 13 -1.10016299971178e-01
24 14 -1.01970232477819e-01
24 15 -5.13795732338043e-02
24 18 -3.36950056116723e-02
24 19 -6.84724902348858e-02
24 22 -3.29506172839506e-03
24 23 -2.32504701243956e-01
24 25 -3.62334931538809e-01
24 26 -3.87543269716585e-02
24 27 -1.02155925742720e-01
24 29 -1.04896838757950e-02
24 30 -5.93645208184636e-01
24 35 -4.12482042648710e-02
24 36 -5.27457369627397e-02
24 41 -1.78513671221181e-01
24 44 -2.13335043736196e-02
24 45 -4.34196265005405e-02
24 48 -5.05050505050506e-03
24 50 -1.04616776123775e-01
24 53 -1.21940879485104e-03
24 89 -6.73400673400674e-03
24 90 -7.23622750706082e-02
24 91 -1.74444556501897e-01
24 95 -2.02546296296296e-03
24 100 -3.03030303030303e-02
24 101 -2.50386858619667e-01
24 102 -1.74539339456895e-01
24 104 -1.40077892786226e-01
24 105 -1.37445397537990e-01
24 110 -9.69135802469137e-04
24 111 -1.08332137947523e-01
24 112 2.49512860876500e-02
24 115 -1.76047755663140e-01
24 116 -4.27643316279678e-02
24 118 -6.77156177156178e-02
24 122 -2.58961466517022e-02
24 123 -2.51442554467030e-01
24 124 -1.62617105367182e-01
24 126 -1.28201890701891e-01
24 127 -1.36226284004062e-01
24 133 -5.05050505050506e-03
24 134 -1.38470662334299e-01
24 135 -1.60207582629011e-01
24 136 -1.37777777777778e-02
25 25 5.28250110890784e+00
25 1 -2.69960608313546e-02
25 2 -3.83029516899834e-02
25 4 -2.10494595431772e-02
25 9 -7.02020202020203e-03
25 10 -4.80773976978801e-02
25 13 -2.68033685344575e-02
25 14 -4.65522200824164e-02
25 15 -1.68283606840272e-02
25 19 -2.33366271349883e-01
25 23 -1.25073913740581e-02
25 24 -3.62334931538809e-01
25 27 -6.86802364089995e-02
25 30 -8.31418314590988e-02
25 41 -2.00000000000000e-02
25 45 -8.38819540106481e-02
25 50 -8.32751780600731e-02
25 90 -1.28703703703704e-02
25 91 -4.26724276088437e-02
25 95 -8.31802568697730e-03
25 101 -1.98905723905724e-02
25 102 -1.96340134858237e-01
25 104 -1.28703703703704e-02
25 105 -9.76647394322125e-03
25 112 -1.08031746031746e+00
25 116 -8.03174603174604e-02
25 123 -1.88888888888889e-02
25 124 -1.91687163996519e-01
25 126 -1.22222222222222e-02
25 127 -9.13556541692741e-03
25 134 -2.55555555555556e-02
25 135 -2.49115881956128e-02
25 136 -6.22402457757297e-02
26 26 5.09928842892458e+00
26 0 -4.31563395296445e-02
26 1 -4.54777779613021e-03
26 4 -1.43694458667577e-02
26 7 -1.28055223682464e-02
26 8 -1.40998070030328e-02
26 11 -8.22796745013187e-03
26 12 -6.08696271786875e-02
26 13 -3.49653506445680e-02
26 14 -5.14925112913320e-03
26 15 -7.04539353461471e-02
26 17 -1.52065578122926e-02
26 18 -3.83494205264228e-02
26 19 -2.53439704012025e-03
26 20 -4.34649753068068e-03
26 21 -2.77201184354060e-02
26 22 -3.50061302793493e-02
26 23 -7.94019473683003e-02
26 24 -3.87543269716585e-02
26 27 -1.29392044326884e-02
26 28 -5.03909759939456e-02
26 29 -4.50411482413713e-01
26 30 -7.56813063565276e-02
26 31 -8.49387694145759e-04
26 33 -7.68634138821444e-03
26 35 -2.61833456735940e-01
26 36 -4.19409156249887e-01
26 37 -6.14233919361350e-02
26 38 -2.49189281447346e-03
26 40 -5.48554437392107e-02
26 41 -6.17246801819033e-02
26 42 -6.08848715421730e-03
26 43 -4.33033172102875e-02
26 44 -4.97438777066171e-02
26 48 -6.09994151088121e-02
26 51 -5.66176106238542e-03
26 52 -2.68958821446676e-02
26 53 -2.52514741588623e-03
26 55 -5.00175029785849e-02
26 58 -2.80644743919541e-02
26 60 -1.66947458830914e-03
26 70 -7.29791681578016e-03
26 72 -1.79830864014007e-03
26 99 -4.80207088809240e-03
26 110 -1.81371963361211e-02
26 122 -1.35779522482032e-02
26 123 -1.58325187357446e-02
26 132 -1.18507177940870e-02
26 133 -2.15873015873016e-02
26 143 -5.98256379413574e-03
26 144 -1.53418982451241e-02
27 27 5.14857234925162e+00
27 1 -2.10587483538527e-02
27 2 -9.83928777893399e-03
27 4 -1.32186847259812e-02
27 10 -2.18361508681529e-02
27 13 -4.48595242814435e-02
27 14 -2.39874031155608e-01
27 15 -2.69662913726018e-02
27 19 -4.08935033886886e-01
27 23 -2.72740273158984e-02
27 24 -1.02155925742720e-01
27 25 -6.86802364089995e-02
27 26 -1.29392044326884e-02
27 29 -1.52415087898959e-03
27 30 -4.35251405006682e-01
27 35 -3.23547818171474e-03
27 36 -4.56982613222205e-02
27 41 -7.31565808354028e-02
27 44 -6.72882089474468e-02
27 45 -1.65141882628876e-02
27 49 -2.41991238550378e-02
27 50 -8.00468447379817e-02
27 53 -5.15812917259680e-02
27 61 -2.27168641588761e-02
27 68 -1.04897590387242e-02
27 73 -7.77538278578862e-03
27 83 -1.48302308552048e-03
27 91 -9.16182131952742e-03
27 102 -1.31622838007391e-02
27 105 -3.22604350382128e-03
27 112 -1.41414141414142e-02
27 116 -1.41414141414142e-02
27 122 -1.39045343346419e-03
27 123 -1.50361138264364e-02
27 124 -2.67891298693910e-02
27 126 -7.60582010582012e-03
27 127 -7.94883465134361e-03
27 134 -4.29151344473926e-02
27 135 -1.06497865175541e-02
27 136 -4.19976958525346e-02
27 146 -9.16633479357494e-03
27 156 -3.91060287117635e-03
28 28 5.26613754571011e+00
28 0 -3.71876236443087e-02
28 3 -4.13441288031516e-02
28 5 -2.66262174765843e-02
28 6 -1.43476491302578e-02
28 7 -7.07887091139910e-03
28 11 -3.63940401309019e-02
28 12 3.08062068045234e-02
28 15 -1.35092230486756e-02
28 16 -5.53786753542988e-02
28 17 -6.19441745484809e-02
28 18 -1.21823266791061e-02
28 20 -2.34515541209909e-01
28 21 -6.97642552084895e-02
28 22 -5.80726417227164e-02
28 23 -3.66827697262480e-03
28 26 -5.03909759939457e-02
28 29 -2.10761147260571e-01
28 31 -2.18016041603879e-01
28 32 -1.00000000000000e+00
28 33 -2.15247457183683e-01
28 35 -3.05689747718734e-03
28 36 -6.88399613130796e-03
28 37 -4.54967836826068e-01
28 38 -2.01058912870270e-01
28 40 -5.67706174465007e-03
28 42 -6.88091207115290e-02
28 43 -7.51398033245509e-02
28 46 -3.00454497905070e-02
28 47 -6.90817545656256e-02
28 51 -4.57226951686881e-02
28 54 -4.52262388042536e-02
28 97 -1.22323391982111e-02
28 99 -2.65457659177466e-03
28 108 -1.82044371425715e-02
28 110 -1.07890499194847e-03
28 130 -1.58288668109168e-02
29 29 5.10821373691074e+00
29 0 -5.03240898618689e-02
29 3 -1.00751193025361e-02
29 4 -2.65200617283951e-03
29 5 -7.20443217544667e-03
29 6 -1.47342995169082e-02
29 7 -1.94245625665292e-02
29 8 -1.28846153846154e-02
29 11 -3.39878086080474e-02
29 12 1.53950032956754e-02
29 13 -3.71796795864709e-02
29 15 -6.94181651320521e-02
29 16 -9.10947387052525e-03
29 17 -5.82044610339764e-02
29 18 -4.98627190327734e-02
29 20 -5.51700653706050e-02
29 21 -5.89912712447622e-02
29 22 -2.37635956118673e-01
29 23 -5.47297517541985e-02
29 24 -1.04896838757950e-02
29 26 -4.50411482413713e-01
29 27 -1.52415087898959e-03
29 28 -2.10761147260571e-01
29 30 -2.85728045620538e-02
29 31 -4.56973014388863e-03
29 33 -2.14123492776843e-01
29 34 -1.00000000000000e+00
29 35 -2.41736525481316e-01
29 36 -7.40591384912995e-02
29 37 -4.40178778080532e-01
29 38 -3.45012556994124e-03
29 39 -6.21693121693122e-03
29 40 -2.17557599051953e-01
29 41 -3.09347094129703e-02
29 42 -1.05787907138807e-02
29 43 -5.68692840471594e-02
29 44 -2.70190510752318e-02
29 47 -9.32539682539683e-03
29 48 -4.77011313967836e-02
29 51 -1.05796186924559e-02
29 52 -2.40332422676686e-02
29 54 -2.62838036449148e-03
29 55 -5.11275269551509e-02
29 57 -2.06046863189720e-03
29 58 -2.61620450125975e-02
29 59 -3.12228101116990e-03
29 64 -2.91702359956328e-03
29 65 -3.24361628709455e-03
29 70 -8.43219347992456e-03
29 72 -1.80200904838586e-03
29 97 -2.68250134192163e-03
29 99 -1.12193961476336e-02
29 108 -1.04410160511142e-03
29 110 -1.64561878047152e-02
29 122 -6.88865373309818e-03
29 123 -5.75757575757576e-03
29 132 -1.18725247008401e-02
29 133 -1.47354497354498e-02
29 142 -6.21693121693122e-03
29 143 -5.60055483762601e-03
29 144 -1.70995670995671e-02
29 151 -1.06575963718821e-03
30 30 5.11184385029214e+00
30 1 -4.16845069718985e-02
30 2 -1.55270358808340e-02
30 4 -3.16742737349441e-02
30 9 -3.61631466176921e-02
30 10 -4.06374454892803e-02
30 13 -5.78655769312788e-02
30 14 -9.76370011893540e-02
30 15 -7.75769205986131e-02
30 18 -9.92746913580247e-03
30 19 -7.83822570402030e-02
30 22 -9.64382716049383e-03
30 23 -4.75795425834429e-02
30 24 -5.93645208184636e-01
30 25 -8.31418314590988e-02
30 26 -7.56813063565277e-02
30 27 -4.35251405006682e-01
30 29 -2.85728045620538e-02
30 35 -8.27790533341610e-02
30 36 -4.90506332140082e-02
30 37 -5.63944482785063e-03
30 40 -1.05853027630806e-02
30 41 -2.88373533879995e-01
30 44 -4.86636590784419e-02
30 45 -9.79751037753697e-02
30 48 -5.70741759116051e-02
30 49 -1.14371272032815e-01
30 50 -1.82296246672968e-02
30 52 -2.57514594439610e-02
30 53 -7.37468127352211e-02
30 55 -3.48777509949113e-02
30 60 -1.26363443498709e-02
30 61 -1.23915343915344e-02
30 67 -2.98235567925950e-02
30 68 -2.77949674717352e-02
30 73 -9.38947677836567e-03
30 78 -2.68812463256908e-03
30 90 -3.62654320987655e-03
30 91 -1.85867162263817e-02
30 101 -5.46556571935360e-02
30 102 -2.09932115180660e-02
30 104 -3.62654320987655e-03
30 105 -6.06212032137959e-03
30 110 -2.83641975308642e-03
30 111 -1.48659673659674e-02
30 112 -2.20707070707071e-02
30 115 -1.48659673659674e-02
30 116 -2.20707070707071e-02
30 122 -3.35345526774232e-02
30 123 -1.78623482806831e-01
30 124 -3.68876199638105e-02
30 126 -7.10738335738337e-02
30 127 -1.48369856613584e-02
30 132 -4.71898371801754e-03
30 133 -2.67318108622457e-02
30 134 -1.32346865159246e-01
30 135 -6.29179037268955e-02
30 136 -4.78141041753945e-02
30 146 -4.87750157541337e-02
30 154 -4.28791248114920e-03
30 155 -2.22497704315886e-02
30 156 -4.44738389182834e-03
30 163 -9.36507936507937e-04
31 31 5.45926251108028e+00
31 3 -1.36812839175829e-02
31 5 -2.88786482334870e-03
31 11 -2.79156676063110e-02
31 12 -2.17961019350961e-02
31 16 -1.91599382073714e-01
31 17 -3.47670250896057e-03
31 20 -1.94092444855539e-01
31 21 -4.20757363253857e-03
31 26 -8.49387694145759e-04
31 28 -2.18016041603879e-01
31 29 -4.56973014388863e-03
31 32 -1.00000000000000e+00
31 33 -4.90031362007169e-04
31 37 -2.11085695864464e-02
31 38 -1.91944614204413e-01
31 42 -2.83905195022087e-02
31 43 -1.12229548282488e-02
31 46 -1.89875836641359e-01
31 47 -8.06451612903227e-03
31 51 -6.52274003600747e-03
31 54 -1.40554945337290e-02
31 97 -1.07526881720430e-03
31 108 -1.78723696381084e-01
31 119 -1.00000000000000e+00
31 130 -1.78723696381085e-01
32 32 5.82823129251701e+00
32 20 -1.00000000000000e+00
32 21 -6.12244897959184e-04
32 28 -1.00000000000000e+00
32 31 -1.00000000000000e+00
32 33 -1.00000000000000e+00
32 34 -3.06122448979592e-04
32 38 -1.04935064935065e+00
32 39 -5.95238095238096e-04
32 47 -3.85487528344671e-04
32 92 -1.32936507936508e-03
32 97 -1.78571428571429e-03
32 98 -1.62131519274377e-03
32 107 -9.75850340136055e-03
32 109 -1.77711262282691e-01
32 113 -1.39180077048741e-02
32 114 -2.04689754689755e-03
32 117 -7.55313337456195e-03
32 119 -1.77561992538951e-01
32 120 -2.21357589500447e-01
32 121 -5.87507730364874e-04
32 125 -3.24675324675325e-04
32 130 -4.93506493506494e-02
32 131 -2.24206349206349e-03
32 137 -1.20664179650355e-02
32 138 -1.81560502989075e-03
32 140 -1.88669202448004e-02
32 141 -8.95691609977325e-04
32 142 -4.39123891981035e-02
32 148 -3.37981859410431e-03
32 159 -1.16780045351474e-03
32 165 -6.46258503401361e-04
32 196 -8.09344598054276e-03
32 200 -3.86435786435787e-03
32 201 -3.41269841269842e-03
33 33 5.82829301075269e+00
33 0 -1.11491006392151e-03
33 11 -2.46983548882613e-03
33 12 -6.25316519555990e-02
33 20 -1.14381513965281e-03
33 21 -1.04698457223001e+00
33 22 -1.14381513965281e-03
33 26 -7.68634138821444e-03
33 28 -2.15247457183683e-01
33 29 -2.14123492776843e-01
33 31 -4.90031362007169e-04
33 32 -1.00000000000000e+00
33 34 -1.00000000000000e+00
33 36 -1.05985277681428e-03
33 37 -1.78960442715646e-01
33 38 -7.68049155145930e-04
33 39 -1.00000000000000e+00
33 40 -8.74034432827357e-04
33 42 -2.13742711791619e-03
33 43 -7.36563269081479e-03
33 51 -6.07006590357267e-04
33 120 -1.00000000000000e+00
34 34 5.82823129251701e+00
34 21 -6.12244897959184e-04
34 22 -1.04523809523810e+00
34 29 -1.00000000000000e+00
34 32 -3.06122448979592e-04
34 33 -1.00000000000000e+00
34 35 -1.00000000000000e+00
34 39 -5.95238095238096e-04
34 40 -1.00000000000000e+00
34 93 -1.25406684412896e-03
34 98 -1.62131519274377e-03
34 99 -4.71014492753624e-02
34 107 -5.86118505373164e-03
34 109 -2.65646258503402e-03
34 110 -4.52380952380953e-02
34 113 -2.53287981859411e-03
34 114 -1.23501384743621e-02
34 117 -1.57323725274036e-02
34 119 -6.12244897959184e-04
34 120 -2.26374149659864e-01
34 121 -1.77702329416615e-01
34 125 -7.48855905998763e-03
34 131 -1.78509070294785e-01
34 137 -2.07936507936508e-03
34 138 -1.56949082663368e-02
34 140 -1.07086167800454e-02
34 142 -1.81179138321996e-03
34 148 -8.39115646258504e-03
34 198 -2.33560090702948e-03
34 200 -1.07005772005772e-02
34 201 -1.49206349206349e-03
34 204 -2.68253968253968e-03
35 35 5.42404577559419e+00
35 0 -1.44219755420472e-02
35 4 -3.53240740740741e-03
35 7 -2.79835390946502e-03
35 8 -3.63247863247864e-03
35 12 -1.77714185946226e-02
35 13 -3.03588112305854e-02
35 15 -5.73912948229257e-02
35 17 -3.32304526748971e-03
35 18 -1.95792237962489e-01
35 21 -4.10628019323672e-03
35 22 -1.96031038667956e-01
35 23 -4.80571289443332e-01
35 24 -4.12482042648710e-02
35 26 -2.61833456735940e-01
35 27 -3.23547818171474e-03
35 28 -3.05689747718734e-03
35 29 -2.41736525481316e-01
35 30 -8.27790533341610e-02
35 34 -1.00000000000000e+00
35 36 -1.26669658987000e-01
35 37 -2.07359177442383e-02
35 40 -2.82548508683007e-01
35 41 -1.09457070707071e-01
35 43 -2.05920572609769e-02
35 44 -5.09617130941515e-02
35 48 -1.09478402032750e-01
35 52 -2.08900846921284e-02
35 55 -7.11750695691345e-02
35 58 -3.76277300594761e-02
35 99 -1.04938271604938e-03
35 110 -1.80019400352734e-01
35 121 -1.00000000000000e+00
35 122 -2.20386596119930e-01
35 123 -6.90404040404041e-02
35 132 -2.19454673721340e-01
35 133 -1.20039682539680e-02
35 143 -2.42143277063912e-03
35 144 -6.90548340548341e-02
36 36 5.27041901421425e+00
36 0 -7.08078496747294e-03
36 1 -3.74115412920477e-03
36 4 -1.16477820570855e-02
36 12 -9.47273733557863e-03
36 13 -5.12059749012447e-02
36 14 -6.51643368258006e-03
36 15 -5.59775223508648e-02
36 18 -1.73025630281403e-02
36 19 -3.91295236443520e-03
36 22 -1.68173338561154e-02
36 23 -7.50154771711291e-02
36 24 -5.27457369627397e-02
36 26 -4.19409156249887e-01
36 27 -4.56982613222205e-02
36 28 -6.88399613130796e-03
36 29 -7.40591384912995e-02
36 30 -4.90506332140081e-02
36 33 -1.05985277681428e-03
36 35 -1.26669658987000e-01
36 37 -4.06571140373699e-02
36 38 -7.50981396142687e-04
36 40 -6.00349302502999e-02
36 41 -2.09952788793801e-01
36 42 -1.54233813616401e-03
36 43 -5.40874236843401e-02
36 44 -3.04812363300268e-01
36 45 -3.52287148228819e-02
36 48 -2.07398555688924e-01
36 49 -1.11866686490710e-01
36 50 -5.06780579685917e-02
36 51 -4.64232033430785e-03
36 52 -2.02988266077874e-01
36 53 -5.45975486261572e-02
36 55 -6.05367392690720e-02
36 58 -4.53861372633657e-02
36 60 -5.25033171331541e-02
36 66 -9.69320534537927e-03
36 67 -1.66858424529232e-02
36 70 -8.72461629658994e-03
36 72 -2.55913152635317e-03
36 110 -4.27130625248905e-03
36 122 -9.40880844779864e-03
36 123 -3.53068047738455e-02
36 132 -8.84184181732882e-03
36 133 -9.40617092247528e-02
36 134 -1.43567512431468e-02
36 135 -5.35975620314097e-03
36 143 -9.09450402847407e-03
36 144 -3.33651785334815e-02
36 146 -7.82358863237780e-03
36 153 -9.69320534537927e-03
36 154 -6.00019718032141e-03
37 37 5.07729186662484e+00
37 0 -4.81357995851827e-03
37 3 -5.04997672300251e-04
37 11 -1.64825257128455e-02
37 12 -8.59200698197075e-02
37 15 -4.22597001763669e-03
37 16 -8.54611445431194e-04
37 18 -1.34259259259259e-03
37 20 -6.06099106437709e-03
37 21 -5.30621785881253e-02
37 22 -6.24260928019414e-03
37 23 -4.73104056437390e-03
37 26 -6.14233919361350e-02
37 28 -4.54967836826068e-01
37 29 -4.40178778080532e-01
37 30 -5.63944482785063e-03
37 31 -2.11085695864464e-02
37 33 -1.78960442715646e-01
37 35 -2.07359177442383e-02
37 36 -4.06571140373699e-02
37 38 -2.15356076122205e-01
37 39 -1.06495866402116e+00
37 40 -2.14044964055934e-01
37 41 -8.75603864734300e-03
37 42 -4.29286938572978e-02
37 43 -4.23291149708236e-01
37 44 -1.62382823302802e-02
37 46 -3.96452039597201e-02
37 47 -1.34774172213688e-01
37 48 -3.62734487734488e-02
37 51 -4.65090432741100e-02
37 52 -2.60719777023231e-02
37 54 -2.76527448867838e-02
37 55 -5.91747720751026e-02
37 57 -3.92222222222222e-02
37 58 -1.01332851977622e-01
37 59 -4.06386768287562e-02
37 64 -1.54716564801946e-02
37 65 -1.22360248447205e-02
37 70 -3.08514238082323e-02
37 71 -9.05895691609978e-04
37 72 -7.85788228334813e-03
37 75 -1.29138321995465e-03
37 85 -1.81179138321996e-03
37 108 -3.49613773130943e-04
37 110 -3.83597883597884e-04
37 122 -1.32980599647266e-03
37 130 -8.28426352619901e-03
37 132 -6.26464508543362e-03
37 133 -5.75396825396826e-03
37 142 -6.49586640211641e-02
