109 137 109 137
109 109 5.39505816527862e+00
109 110 -1.12171109266835e-01
109 111 -1.31095457931693e-01
109 112 -1.00055825325427e-02
109 113 -1.24085062800776e-01
109 114 -1.57526433433055e-01
109 115 -2.52704650853366e-03
109 116 -2.78799523044505e-03
109 117 -1.27610812319340e-01
109 118 -3.42974221098869e-03
109 120 -7.31100891238870e-03
109 125 -9.69881647163685e-03
109 126 -2.70074082455810e-03
109 127 -2.30439426958604e-03
109 130 -5.25901528259153e-03
109 133 -6.19497506236303e-05
109 136 -6.49698009665323e-05
109 3 -2.87953904897327e-03
109 4 -2.84126235535192e-03
109 5 -3.54058146228239e-03
109 11 -4.93040168200889e-05
109 20 -7.95383320320233e-05
109 47 -1.11544631768023e-02
109 48 -2.84929830110750e-02
109 49 -9.38216358412770e-04
109 50 -1.75609953750223e-03
109 51 -2.36510491123280e-02
109 52 -3.55026360493837e-02
109 53 -1.55284868889437e-04
109 54 -7.60366108906363e-02
109 57 -8.77670718493614e-03
109 58 -2.66428178433873e-05
109 59 -4.42572569604723e-02
109 60 -2.18143404463621e-02
109 61 -1.44845597200991e-01
109 64 -5.00190180981353e-03
109 65 -1.47494927995886e-02
109 66 -4.81831417015065e-05
109 67 -5.67242340479689e-03
109 68 -2.49753470450923e-03
109 69 -6.27488433619847e-02
109 73 -1.27865243545201e-03
109 74 -4.99730663571143e-04
109 75 -2.38835747318753e-03
109 76 -6.80833505436031e-04
109 81 -2.07578050168700e-04
109 82 -4.19168785043854e-04
109 84 -3.76943574624776e-03
109 89 -6.40797559263647e-04
109 90 -1.82691280078887e-04
109 93 -8.31358990500378e-04
109 138 -1.03273491133772e-01
109 139 -1.05606358301435e-01
109 141 -3.53897023130108e-03
109 142 -1.89182589951413e-03
109 143 -1.66249740156454e-03
110 110 5.17051635104664e+00
110 109 -1.12171109266835e-01
110 111 -2.85207658118322e-02
110 112 -1.56337064113683e-03
110 113 -2.52534137010232e-02
110 114 -4.72596909508856e-01
110 115 -3.20082154771708e-03
110 116 -4.15017770505399e-03
110 117 -6.20737077343808e-02
110 118 -3.21949360370781e-03
110 119 -1.47262174363462e-05
110 120 -9.01991599491876e-03
110 123 -8.88985550767708e-05
110 124 -1.10122705056156e-04
110 125 -9.12713888709283e-03
110 126 -2.32136862907139e-03
110 127 -4.14702745622911e-03
110 129 -8.63578709083271e-05
110 130 -5.52328118829245e-03
110 133 -5.32476890669512e-05
110 135 -1.63102165320806e-05
110 136 -5.58435139089651e-05
110 3 -6.45343587008624e-05
110 4 -8.12578696685515e-05
110 5 -2.66597817932016e-03
110 11 -3.82975692557403e-03
110 20 -6.83656080986644e-05
110 47 -2.08597429551200e-02
110 48 -1.38797571623102e-01
110 50 -2.49286677570533e-05
110 51 -1.03760558066741e-02
110 52 -3.29151346919250e-02
110 53 -6.02494890512199e-02
110 54 -1.85433316502586e-01
110 57 -3.82729901445101e-03
110 59 -1.64816406927354e-02
110 60 -9.05542644285970e-02
110 61 -1.87405933432736e-02
110 64 -2.20930006897630e-03
110 65 -9.12811826171663e-03
110 66 -3.74269141803620e-03
110 67 -8.63417237383430e-03
110 68 -4.43180875639323e-02
110 69 -1.36303787828641e-01
110 73 -4.31153917675903e-03
110 74 -2.12011437603055e-03
110 75 -1.05491841521175e-03
110 76 -2.40179865001130e-05
110 81 -1.78419628186378e-04
110 82 -8.29268205109767e-04
110 84 -8.16826142719474e-03
110 89 -5.50784932094896e-04
110 90 -5.83244925584091e-04
110 93 -7.14578260340775e-04
110 138 -6.19938335243190e-03
110 139 -9.63791828377662e-03
110 140 -1.97376493535281e-04
110 141 -1.43804352678160e-02
110 142 -1.95878969210478e-03
110 143 -1.06772625444980e-03
111 111 5.53668214699205e+00
111 109 -1.31095457931693e-01
111 110 -2.85207658118322e-02
111 112 -2.82003756376399e-01
111 113 -5.41314820523252e-01
111 114 -2.12070493337073e-02
111 115 -1.79367659948279e-01
111 116 1.52480056905137e-02
111 117 -1.57564842753188e-01
111 118 -2.74538587939281e-02
111 119 -1.02532434169615e-02
111 120 -2.96173709704521e-02
111 121 -1.90705676690588e-03
111 122 -2.16097377242707e-02
111 123 -2.34443551224057e-02
111 124 -7.05189818969815e-03
111 125 -5.11919396391638e-03
111 128 -3.75203784774027e-03
111 129 -2.51901466130319e-03
111 130 -1.33277052565200e-04
111 131 -8.87559504027777e-04
111 135 -7.04514834102353e-04
111 1 -7.64089399418620e-04
111 2 -7.37362255572847e-04
111 3 -1.49952376537486e-02
111 4 -1.07866229646768e-03
111 8 -3.97366264345081e-04
111 10 -7.94279862861933e-04
111 17 -4.57568088160884e-04
111 20 -2.93634632977503e-05
111 24 -5.06959835002601e-05
111 47 -1.91248121248891e-05
111 48 -6.45472686621295e-05
111 49 -1.77870631018009e-02
111 50 -4.28513967444886e-02
111 51 -3.09243993268959e-02
111 52 -2.51702419344253e-02
111 54 -9.53668299943471e-03
111 55 -9.05064239069781e-04
111 56 -5.32336158859085e-03
111 57 -1.43902241789381e-02
111 58 -1.31726226223499e-02
111 59 -1.36389861145703e-01
111 60 -5.85286187346903e-03
111 61 -1.72243489587353e-01
111 63 -2.32659543894581e-03
111 64 -2.63497728530500e-02
111 65 -1.13688934747364e-02
111 69 -4.98628268605432e-03
111 71 -2.88409214260379e-04
111 72 -6.05160890380259e-04
111 75 -2.61361586704793e-02
111 76 -1.62978589998444e-02
111 79 -6.17538597365122e-05
111 80 -3.17908875483827e-05
111 83 -6.49595641146118e-03
111 84 -1.56053308846072e-03
111 86 -6.48914659726097e-05
111 87 -9.78822339263983e-05
111 92 -3.80385854389481e-05
111 95 -4.40920785165020e-04
111 96 -2.64306115277151e-03
111 138 -5.65040406348786e-02
111 139 -2.24368909628705e-01
111 140 -1.79691688860566e-02
111 141 -5.78808034071224e-03
111 142 -1.77397243789428e-03
111 143 -5.48779418587149e-04
111 144 -7.84058676804665e-04
112 112 6.03963664358000e+00
112 109 -1.00055825325427e-02
112 110 -1.56337064113683e-03
112 111 -2.82003756376399e-01
112 113 -1.35735386247288e+00
112 115 -1.31505430508395e+00
112 116 -3.10452961464900e-01
112 117 -4.39257892488562e-02
112 118 -3.97420213671349e-02
112 119 -8.51575658228181e-03
112 120 -1.07035382417369e-02
112 121 -1.17463733291719e-02
112 122 -4.36812362051868e-02
112 123 -8.53409615208977e-03
112 124 -2.84766771891324e-03
112 125 -8.67771588692624e-05
112 128 -2.94525918604741e-03
112 129 -7.47509785420651e-05
112 1 -9.36131743844150e-03
112 2 -1.42157847932279e-02
112 3 -1.45752803840246e-02
112 4 -2.95935607835820e-04
112 8 -1.76262482747882e-02
112 9 -3.34642866833777e-02
112 10 -1.72235408039973e-03
112 15 -7.41912156388082e-03
112 16 -2.75299598422634e-02
112 17 -8.00138494291272e-03
112 19 -5.21490266513670e-03
112 20 -3.62166688643653e-04
112 24 -5.59232422662837e-04
112 33 -1.14249232886616e-04
112 49 -5.96692060392784e-02
112 50 -1.41802679157649e-01
112 51 -4.76198154626495e-02
112 52 -5.94146269021417e-03
112 54 -1.47068067958165e-03
112 55 -8.44503027911453e-02
112 56 -8.09905705339679e-02
112 57 -8.15976662337722e-03
112 58 -8.72575570379794e-02
112 59 9.12677543587807e-02
112 60 -1.66742254493764e-03
112 61 -2.70296947035241e-02
112 62 -1.96491193463291e-02
112 63 -1.26621329478457e-01
112 64 -3.12812242318664e-02
112 65 -5.78053114752141e-03
112 67 -1.28970168274918e-03
112 69 -2.00427631798722e-03
112 70 -1.26482379833002e-02
112 71 -3.69393112508560e-02
112 72 -9.63049825587149e-03
112 75 -7.46300445190463e-02
112 76 -1.53102170391686e-01
112 77 -3.75862784357943e-04
112 78 -1.94054235975530e-02
112 79 -5.70445474348599e-04
112 80 -3.92106351886722e-04
112 83 -5.79715472204040e-02
112 85 -1.30401726003052e-04
112 86 -6.66674709567492e-04
112 87 -1.02677004795385e-03
112 91 -2.25804131459484e-04
112 92 -3.99019092929711e-04
112 94 -1.64476222488223e-03
112 95 -8.40425486420644e-03
112 96 -8.32131594940559e-03
112 97 -1.77707382021308e-04
112 107 -1.35131725580190e-04
112 138 -1.04256863959291e-02
112 139 -9.99549712139043e-02
112 140 -1.59204191565456e-02
112 141 -1.25844719726185e-03
113 113 5.36822813866717e+00
113 109 -1.24085062800776e-01
113 110 -2.52534137010232e-02
113 111 -5.41314820523252e-01
113 112 -1.35735386247288e+00
113 114 -3.14807173938288e-02
113 115 -2.57058107640983e-01
113 116 -1.90808506378563e-01
113 117 -2.21075859555806e-01
113 118 -8.48800339936053e-02
113 119 -1.84019784184283e-04
113 120 -9.66771172350629e-02
113 121 -6.18755746848923e-04
113 122 -4.45261705261089e-02
113 123 -2.21966120677164e-02
113 124 -8.91234028038696e-03
113 125 -2.25354558022693e-03
113 128 -2.03597127228824e-04
113 129 -9.14160236575309e-05
113 130 -8.13725484069497e-06
113 135 -1.72655384468535e-05
113 3 -1.26027060105581e-02
113 4 -9.66364382960400e-04
113 10 -1.03976471058712e-03
113 16 -2.33560090702948e-03
113 17 -5.17174981739697e-03
113 20 -1.71673987578123e-03
113 24 -2.06833474179645e-03
113 49 -1.32285809654015e-02
113 50 -3.20886053699048e-02
113 51 -3.07208360962032e-02
113 52 -3.90747431275525e-02
113 54 -1.54415040910277e-02
113 56 -1.17632690158145e-02
113 57 -3.52703554602547e-02
113 58 -1.87717841771096e-04
113 59 -3.98009789106351e-01
113 60 -9.61879288455367e-03
113 61 -1.62138545311148e-01
113 63 -1.37627446040145e-02
113 64 -4.57456654003534e-02
113 65 -3.97427873951484e-02
113 67 -1.47087198866543e-02
113 69 -4.95551010979817e-02
113 71 -1.17088687326783e-02
113 72 -1.12069510217324e-02
113 75 -1.05792623742789e-01
113 76 -3.26755332066250e-02
113 79 -1.01746777947400e-03
113 80 -1.85865964744585e-03
113 83 -3.75730921199760e-02
113 84 -3.09352684166977e-03
113 86 -1.06916354818428e-03
113 87 -3.27508323980950e-03
113 92 -1.27274918685282e-03
113 95 -2.17897278385937e-04
113 96 -1.78005096038978e-02
113 138 -8.42464438934255e-02
113 139 -1.03853160457720e-01
113 140 -2.55857243277191e-03
113 141 -6.65607000193812e-06
113 142 -3.39054507060437e-03
113 143 -2.81633387673306e-04
114 114 5.15433116724370e+00
114 109 -1.57526433433055e-01
114 110 -4.72596909508856e-01
114 111 -2.12070493337073e-02
114 113 -3.14807173938288e-02
114 115 -1.63292846705388e-03
114 116 -1.20405189135024e-03
114 117 -1.09869494512419e-01
114 118 -8.69730829691224e-03
114 120 -1.08044375239628e-02
114 121 -6.30563560071931e-06
114 122 -3.10483934530961e-05
114 123 -8.69426374754004e-04
114 124 -2.34651124451934e-03
114 125 -1.36953082083069e-02
114 126 -9.12600829495971e-03
114 127 -1.36204619072705e-02
114 128 -3.65632705623927e-05
114 129 -2.49677785223154e-03
114 130 -1.96436071810447e-02
114 131 -6.83292430946015e-05
114 133 -5.27723641823275e-04
114 135 -3.03759346256163e-03
114 136 -1.51953949449864e-03
114 5 -2.35412575830080e-05
114 11 -1.98200526142391e-03
114 20 -1.81102666118612e-04
114 47 -1.33041709802278e-03
114 48 -1.56729155124999e-02
114 52 -6.33036142816196e-03
114 53 -5.68398111098123e-03
114 54 -3.84785871002104e-02
114 57 -1.63955637310211e-03
114 59 -3.14885833608878e-03
114 60 -3.02383759518770e-02
114 61 -1.17796344999572e-01
114 64 -1.88210379196587e-03
114 65 -7.85048406052264e-03
114 66 -1.93694645028209e-03
114 67 -1.36718659882310e-02
114 68 -3.49175818616692e-02
114 69 -1.06549260611255e-01
114 73 -8.53683338112593e-03
114 74 -3.74025362772912e-03
114 75 -9.47056398879744e-04
114 76 -3.45441180788644e-06
114 80 -2.82174609305794e-04
114 81 -4.72639258994257e-04
114 82 -1.75549191109866e-03
114 84 -2.30901278970598e-02
114 87 -9.60661022465440e-05
114 88 -1.32057431080582e-04
114 89 -2.15599864390232e-03
114 90 -1.08807030652044e-03
114 92 -3.73328079214012e-05
114 93 -2.89428144210840e-03
114 96 -2.55961811831901e-04
114 138 -1.60104848910117e-03
114 139 -7.16615671107921e-02
114 141 -3.36399720638052e-02
114 142 -2.05192449124435e-02
114 143 -1.61774088747289e-03
114 144 -9.01599897555382e-05
115 115 5.17072918900881e+00
115 109 -2.52704650853366e-03
115 110 -3.20082154771708e-03
115 111 -1.79367659948279e-01
115 112 -1.31505430508395e+00
115 113 -2.57058107640983e-01
115 114 -1.63292846705388e-03
115 116 -6.40392626900409e-01
115 117 -1.60135343579025e-01
115 118 -1.00511523459651e-01
115 119 -1.22797533928601e-01
115 120 -1.21417885713921e-01
115 121 -7.25726477378029e-02
115 122 8.16356244341521e-03
115 123 -9.92174893097600e-02
115 124 -2.80162142318556e-02
115 125 -6.62514189084687e-04
115 126 -1.63749539810684e-04
115 128 -2.69302080929175e-02
115 129 -1.89055142508505e-03
115 131 -8.64164832528942e-04
115 134 -3.04342059435337e-04
115 135 -2.94203045359565e-04
115 1 -1.37544410983540e-03
115 2 -2.32873350647763e-03
115 3 -1.65583147864818e-03
115 4 -2.11693350225825e-05
115 8 -3.47249472628950e-03
115 9 -8.09786721462851e-03
115 10 -1.41332322817363e-04
115 15 -4.48374349306875e-03
115 16 -1.41513994536275e-02
115 17 -9.60830780507222e-03
115 19 -8.58571743813988e-03
115 20 -1.72169166789043e-03
115 23 -4.32127107951666e-04
115 24 -3.05217188534992e-03
115 32 -1.36348554322462e-04
115 33 -9.66788798616906e-04
115 49 -8.07857690732856e-03
115 50 -1.33310562310327e-02
115 51 -1.19080788644207e-02
115 52 -4.57237855483058e-03
115 54 -4.88797862333571e-05
115 55 -4.15192709127190e-02
115 56 -2.12629077805620e-02
115 57 -6.76422740176831e-03
115 58 -5.65487513549829e-02
115 59 -1.82133746253316e-01
115 60 -2.29589320730510e-03
115 61 -4.49456353018402e-02
115 62 -1.25321696224332e-02
115 63 -8.44095927754790e-02
115 64 -5.23838014522311e-02
115 65 -1.06155084046456e-02
115 67 -3.42545576582280e-03
115 69 -8.42646815873730e-03
115 70 -1.34636830084589e-02
115 71 -5.51967181375544e-02
115 72 -1.78321110231653e-02
115 75 -1.36593523963647e-01
115 76 -1.23641139405984e-01
115 77 -1.26235233907323e-03
115 78 -3.98426050450144e-02
115 79 -3.19088092162467e-03
115 80 -2.88254156430892e-03
115 83 -9.31092999151465e-02
115 84 -1.83200307038652e-03
115 85 -3.45531758093454e-03
115 86 -5.78904841811562e-03
115 87 -6.02563346673443e-03
115 91 -1.91077786222950e-03
115 92 -2.06506581685679e-03
115 94 -6.11980804897231e-03
115 95 -3.85549571481756e-02
115 96 -5.87983724597702e-02
115 97 -1.66128851449561e-03
115 107 -1.14349860675525e-03
115 138 -2.76680181218049e-03
115 139 -1.32518571128845e-01
115 140 -1.01452545752341e-01
115 141 -2.01863232423835e-03
115 142 -4.69992736658525e-04
115 144 -3.19651668531519e-04
116 116 6.22927009476110e+00
116 109 -2.78799523044505e-03
116 110 -4.15017770505399e-03
116 111 1.52480056905137e-02
116 112 -3.10452961464900e-01
116 113 -1.90808506378563e-01
116 114 -1.20405189135024e-03
116 115 -6.40392626900409e-01
116 117 -6.33261504127493e-02
116 118 -5.62927310412721e-02
116 119 -2.19182376686784e-01
116 120 -6.98684945716313e-02
116 121 -1.38865188011674e-01
116 122 -1.18533830053029e-01
116 123 -7.74846760596644e-02
116 124 -1.80761548460923e-02
116 125 -8.41807830673192e-03
116 128 -4.93155393575814e-02
116 129 -1.19168649922601e-02
116 130 -3.18821402027574e-04
116 131 -5.68674907496900e-03
116 134 -2.33973721007962e-02
116 135 -2.16363468774843e-03
116 1 -7.82330074059842e-04
116 2 -4.16656242180019e-04
116 3 -6.56163788972441e-04
116 4 -3.41728182319315e-05
116 8 -2.94847714953551e-03
116 9 -4.35850306540481e-03
116 15 -4.06905478870943e-03
116 16 -1.49206349206349e-03
116 17 -1.15199890922429e-03
116 19 -3.13271604938272e-03
116 20 -3.52172400300167e-05
116 24 -6.08025218749728e-05
116 49 -2.03567587991750e-02
116 50 -4.69468961681889e-03
116 51 -2.24553249382382e-03
116 55 -5.44433219295092e-02
116 56 -1.20789496019495e-03
116 58 -9.03907865811895e-02
116 59 -6.63689794295100e-02
116 61 -5.91131707979939e-03
116 62 -1.59782115339662e-02
116 63 -5.95046477807629e-02
116 64 -8.20652715617602e-03
116 69 -1.03970395313792e-03
116 70 -1.74482463601751e-02
116 71 -2.26244179036753e-02
116 72 -1.32901519268363e-03
116 75 -6.94780580892829e-02
116 76 -2.34003540166986e-01
116 77 -3.88186725485519e-04
116 78 -2.01470383753112e-02
116 79 -7.40648498805438e-05
116 80 -3.81285853853772e-05
116 83 -8.80576661338471e-02
116 84 -1.90345215370205e-04
116 86 -7.78279561196088e-05
116 87 -1.17395625029161e-04
116 92 -4.56217980904305e-05
116 94 -1.00971410713159e-02
116 95 -2.22141957845787e-02
116 96 -1.06451027245607e-02
116 138 -1.18406720421613e-02
116 139 -1.94776713040343e-01
116 140 -8.05535087228570e-02
116 141 -3.96134355695473e-03
116 142 -2.08620795848090e-04
116 143 -7.63596316620584e-04
116 144 -6.56790927286365e-03
117 117 5.62933623524493e+00
117 109 -1.27610812319340e-01
117 110 -6.20737077343808e-02
117 111 -1.57564842753188e-01
117 112 -4.39257892488563e-02
117 113 -2.21075859555805e-01
117 114 -1.09869494512419e-01
117 115 -1.60135343579025e-01
117 116 -6.33261504127493e-02
117 118 -5.76459035116582e-01
117 119 -5.32585040124944e-03
117 120 -2.61679399603709e-01
117 121 -2.11058952585856e-03
117 122 -7.24173255275295e-02
117 123 -3.32826025031462e-02
117 124 -7.43345643218607e-02
117 125 -1.85896616695093e-01
117 126 -9.13574615225686e-02
117 127 -4.25359783160512e-02
117 128 -4.04042757420353e-03
117 129 -1.52262223462144e-02
117 130 -1.42997361391260e-01
117 131 -1.61074615502243e-03
117 132 -5.27204995828827e-03
117 133 -3.06514741939744e-03
117 134 -8.39943056020211e-05
117 135 -1.08881606373110e-02
117 136 -3.71470381513582e-03
117 11 -2.58077472447014e-05
117 17 -2.88676601588172e-03
117 20 -2.98475324892571e-02
117 24 -1.53844062905178e-02
117 35 -4.79705971085531e-04
117 36 -1.22398049693872e-04
117 48 -9.36387108685366e-05
117 51 -3.26423145217015e-02
117 52 -2.96621516129753e-02
117 53 -8.12824776903838e-05
117 54 -9.47441792611311e-03
117 56 -3.02683456896112e-03
117 57 -2.27188081869860e-02
117 59 -1.47251854886975e-01
117 60 -1.91483528544382e-02
117 61 -2.32655087307097e-01
117 64 -6.28036194394913e-02
117 65 -1.24819157223651e-01
117 66 -2.52210351749971e-05
117 67 -7.83961397555890e-02
117 68 -2.28801809539178e-02
117 69 -1.43247371748290e-01
117 71 -5.43567015826277e-03
117 72 -2.90740086622350e-02
117 73 -4.76323202404564e-02
117 74 -9.58695128489816e-03
117 75 -1.54716172104201e-01
117 76 -1.73652549866060e-02
117 79 -7.31850893939636e-03
117 80 -6.90507447962863e-02
117 81 -1.70942033104375e-02
117 82 -1.70238040691155e-02
117 83 -6.32481579200563e-02
117 84 -1.85890927531713e-01
117 86 -7.69034965324260e-03
117 87 -4.76873370368793e-02
117 88 -1.82490269037554e-02
117 89 -3.56680595845226e-02
117 90 -7.20170943405158e-03
117 92 -1.54051395736115e-02
117 93 -1.07163136308315e-01
117 95 -7.74201362173601e-04
117 96 -7.77597235866403e-02
117 98 -6.65958557157741e-04
117 99 -1.63728464905738e-02
117 108 -3.61694402704064e-03
117 138 -1.34780730295316e-02
117 139 -2.73064697958896e-02
117 140 -7.47250073915298e-03
117 141 -8.08388530275863e-02
117 142 -1.30185937832513e-02
117 143 -4.79692380850166e-03
117 144 -2.14179369177909e-03
118 118 5.37416084275834e+00
118 109 -3.42974221098869e-03
118 110 -3.21949360370781e-03
118 111 -2.74538587939281e-02
118 112 -3.97420213671349e-02
118 113 -8.48800339936053e-02
118 114 -8.69730829691224e-03
118 115 -1.00511523459651e-01
118 116 -5.62927310412721e-02
118 117 -5.76459035116581e-01
118 119 -2.85501365568051e-02
118 120 -1.26282452847855e+00
118 121 -3.29243446237034e-02
118 122 -9.12146792966210e-02
118 123 -1.30503348393986e-01
118 124 -8.55438753308487e-02
118 125 -1.40746098729021e-01
118 126 -2.11344506579757e-01
118 127 -2.65342659023716e-02
118 128 -2.60743368864221e-02
118 129 -1.22230583642340e-01
118 130 -5.38252596705391e-02
118 131 -4.87560653980443e-02
118 132 -1.31701791784471e-01
118 133 -3.54582169657088e-03
118 134 -1.41153402789504e-03
118 135 -8.23816484554918e-03
118 136 -1.00169077195795e-03
118 16 -3.49557954061016e-04
118 17 -2.57576280821166e-03
118 19 -8.37698055590010e-04
118 20 -1.66130304635927e-02
118 23 -4.13021420314416e-04
118 24 -3.23307143183318e-02
118 30 -1.91208446281444e-03
118 32 -2.48370238345127e-04
118 33 -5.96846304616743e-03
118 34 -1.85461706967899e-03
118 35 -7.89150284431109e-04
118 39 -1.39902066545280e-03
118 40 -5.85073756087906e-03
118 49 -4.34310380492605e-04
118 50 -1.96956371934666e-04
118 51 -4.88674078878323e-03
118 52 -7.33293800916452e-03
118 56 -2.70074119843694e-03
118 57 -7.98347770176082e-03
118 58 -2.88171403864951e-04
118 59 -8.60963438937855e-02
118 60 -3.75533925589642e-03
118 61 -8.07944749206594e-02
118 63 -8.24536617883121e-03
118 64 -6.57318316850153e-02
118 65 -5.34660471336896e-02
118 67 -3.66405769059830e-02
118 68 -8.69490431497524e-04
118 69 -6.43102981848619e-02
118 70 -1.03861787265958e-03
118 71 -1.50603347291739e-02
118 72 -4.22654015708946e-02
118 73 -2.21102145853648e-02
118 74 -1.19689828547295e-03
118 75 -9.88215422051415e-02
118 76 -6.79485000454574e-02
118 77 -1.20653980374581e-03
118 78 -6.43092278104622e-03
118 79 -2.27009331576766e-02
118 80 -9.48374795628286e-02
118 81 -7.16747543679278e-03
118 82 -4.63740545110129e-03
118 83 -1.23830288910652e-01
118 84 -1.22142970441871e-01
118 85 -1.41249276284326e-02
118 86 -7.59556539189134e-02
118 87 -2.06327958973500e-02
118 88 -3.88199428529890e-02
118 89 -2.13535170581389e-02
118 90 -2.15283608219893e-03
118 91 -4.24394213030186e-02
118 92 -8.17322774926289e-03
118 93 -4.65538087865411e-02
118 94 -3.24980893033941e-03
118 95 -6.40583743363837e-02
118 96 1.92180995621829e-02
118 97 -7.98080407119553e-03
118 98 -3.85314008835876e-03
118 99 -6.07821454959527e-02
118 102 -6.77343855128704e-04
118 103 -2.31423152391606e-03
118 104 -1.42192664715191e-02
118 105 -1.43565435653589e-03
118 107 -8.30302532059598e-03
118 108 -1.23166907555130e-02
118 138 -2.22943408665345e-03
118 139 -1.38679979236489e-01
118 140 -2.19329003152467e-02
118 141 -2.42095291313687e-03
118 142 -3.98188168839631e-03
118 143 -4.56386793298474e-03
118 144 -3.14237336458654e-03
119 119 5.51080609480829e+00
119 110 -1.47262174363462e-05
119 111 -1.02532434169615e-02
119 112 -8.51575658228182e-03
119 113 -1.84019784184283e-04
119 115 -1.22797533928601e-01
119 116 -2.19182376686784e-01
119 117 -5.32585040124944e-03
119 118 -2.85501365568051e-02
119 120 -2.10773055351531e-02
119 121 -3.88617843635905e-01
119 122 -1.44772815682213e-01
119 123 -1.15047150061911e-01
119 124 -5.94646742500287e-04
119 125 -9.89215113913907e-06
119 128 -9.76708224241907e-02
119 129 -1.21520524551529e-04
119 131 -1.42816234178183e-04
119 134 -1.11670589353760e-01
119 135 -1.17708509868723e-04
119 137 -1.75648267450825e-02
119 8 -4.22235957112739e-04
119 9 -6.66506036603525e-05
119 15 -1.62604223916864e-04
119 23 -4.47253704886403e-03
119 27 -2.29710475293126e-03
119 28 -6.25428726087591e-04
119 32 -1.32585461789355e-03
119 33 -1.05235696540971e-05
119 38 -1.97078676923431e-04
119 49 -1.72795426998174e-03
119 50 -5.17061583123120e-04
119 55 -1.19458672249140e-03
119 58 -1.91195465585640e-02
119 59 -3.74243415502758e-04
119 61 -2.01965923607091e-05
119 62 -5.79496362546000e-03
119 63 -1.19356720004156e-03
119 70 -1.63217859795151e-02
119 76 5.36375440470356e-02
119 77 -2.57833051952031e-02
119 78 -2.30338863664106e-02
119 83 -5.95262237425485e-02
119 85 -2.44252094268287e-03
119 86 -6.19406201999015e-06
119 91 -2.07989624574115e-05
119 94 -7.70650487641894e-02
119 95 -7.28198942542806e-02
119 96 -9.15848402796345e-04
119 97 -1.41468566804229e-03
119 100 -1.43075227392618e-04
119 107 -1.24470693648575e-05
119 138 -8.71521659307940e-04
119 139 -1.91166688932642e-02
119 140 -8.49786030881075e-02
119 141 -1.18889793030510e-05
119 144 -1.27890319877251e-04
120 120 5.24001119775242e+00
120 109 -7.31100891238870e-03
120 110 -9.01991599491876e-03
120 111 -2.96173709704521e-02
120 112 -1.07035382417369e-02
120 113 -9.66771172350629e-02
120 114 -1.08044375239628e-02
120 115 -1.21417885713921e-01
120 116 -6.98684945716313e-02
120 117 -2.61679399603709e-01
120 118 -1.26282452847855e+00
120 119 -2.10773055351531e-02
120 121 -9.71009412497043e-03
120 122 -1.08393573220550e-01
120 123 -1.47778009503052e-01
120 124 -1.15920800109609e+00
120 125 -2.62602533857875e-01
120 126 -4.07644516028409e-02
120 127 -1.42005266361962e-02
120 128 -2.15921298056980e-02
120 129 -4.30916075052025e-02
120 130 -3.09115856529530e-02
120 131 -1.32747983516445e-02
120 132 -8.70730210448339e-04
120 133 -6.69490155750692e-04
120 134 -1.92585029822429e-04
120 135 -2.38976607957773e-02
120 136 -3.40167660819956e-03
120 17 -1.15069229593340e-04
120 20 -5.01634626041253e-04
120 24 -7.64188798886537e-04
120 56 -1.20652494882050e-04
120 59 -1.17457269821056e-02
120 61 -1.88067150845059e-02
120 64 -1.47573952149231e-02
120 65 -8.39358981247969e-04
120 67 -2.61659993498184e-03
120 68 -7.28084353846266e-05
120 69 -1.15815984581169e-02
120 71 -7.61349354599260e-04
120 72 -2.33991626725570e-03
120 73 -1.90733103398956e-03
120 74 -1.00224554892156e-04
120 75 -5.44280354563042e-02
120 76 -1.17026896204170e-02
120 79 -9.26423048450840e-04
120 80 -5.46977154975457e-03
120 81 -1.49994216236654e-04
120 82 -4.39902766227344e-04
120 83 -3.01287242430834e-02
120 84 -3.95398552670350e-02
120 86 -9.73492992685681e-04
120 87 -2.65219175056812e-03
120 88 -3.49346483214194e-04
120 89 -2.30676087168479e-03
120 90 -1.08561934038086e-04
120 92 -1.03068369465616e-03
120 93 -5.74659928535475e-03
120 95 -3.15685229060422e-03
120 96 -3.57472484943975e-02
120 138 -6.16360646828950e-03
120 139 -2.62488241882529e-01
120 140 -1.62706190441886e-02
120 141 -1.06349638409096e-02
120 142 -8.98634340614351e-03
120 143 -8.24120391066629e-03
120 144 -9.15955167350991e-03
121 121 4.80926563712965e+00
121 111 -1.90705676690588e-03
121 112 -1.17463733291719e-02
121 113 -6.18755746848923e-04
121 114 -6.30563560071931e-06
121 115 -7.25726477378029e-02
121 116 -1.38865188011674e-01
121 117 -2.11058952585856e-03
121 118 -3.29243446237034e-02
121 119 -3.88617843635905e-01
121 120 -9.71009412497043e-03
121 122 -3.04273596250147e-01
121 123 -1.58167193974133e-01
121 124 -3.72855835948466e-03
121 125 -8.49521352655065e-04
121 128 -2.80631350760087e-01
121 129 -3.76137105219083e-03
121 130 -5.45261897057426e-05
121 131 -3.56676732093744e-02
121 134 -3.28979744615900e-01
121 135 -9.33801020052357e-04
121 137 -4.47569810836518e-02
121 15 -1.72927084574974e-03
121 19 -4.13087555465911e-03
121 23 -9.19131680209458e-03
121 24 -9.28558342330202e-05
121 27 -5.85562258577839e-03
121 28 -2.70962240679355e-02
121 32 -1.98738260038170e-02
121 33 -5.16194071288564e-03
121 38 -1.52203496854240e-03
121 49 -6.09900110892317e-04
121 50 -2.76584945880533e-04
121 55 -1.20510078078132e-03
121 58 -6.73407466751995e-03
121 59 -2.15184671950612e-03
121 62 -1.60419269964986e-03
121 63 -2.35199228303825e-02
121 69 -6.77051073738569e-06
121 70 -2.30137211871799e-02
121 71 -1.01243069057653e-02
121 72 -2.68924733677429e-04
121 75 -1.71146031897353e-02
121 76 -2.46694447282522e-01
121 77 -5.76175827840362e-02
121 78 -4.71944882764261e-02
121 79 -3.03977932921060e-03
121 83 -1.31208254932239e-01
121 85 -9.70661159712497e-02
121 86 -7.87118832799408e-03
121 87 -5.40022550183383e-04
121 91 -6.06756058318090e-03
121 92 -2.09861310782459e-04
121 94 -3.18646796947899e-01
121 95 -3.15949241077048e-01
121 96 -5.22652540988178e-02
121 97 -4.23100836879398e-02
121 100 -1.10496732890249e-03
121 107 -5.39493889217952e-03
121 138 -2.74526204940424e-04
121 139 -5.72256442680782e-03
121 140 -8.38354730632625e-02
121 143 -5.52941356078622e-05
121 144 -4.09640470054653e-03
122 122 5.51159607854377e+00
122 111 -2.16097377242707e-02
122 112 -4.36812362051868e-02
122 113 -4.45261705261088e-02
122 114 -3.10483934530962e-05
122 115 8.16356244341530e-03
122 116 -1.18533830053029e-01
122 117 -7.24173255275295e-02
122 118 -9.12146792966210e-02
122 119 -1.44772815682213e-01
122 120 -1.08393573220550e-01
122 121 -3.04273596250147e-01
122 123 -1.34535375380401e+00
122 124 -1.19061896447350e-01
122 125 -2.64241534823325e-02
122 126 -6.68617296222704e-02
122 128 -2.06781180520901e-01
122 129 -1.08937240174859e-01
122 130 -3.16032373591226e-04
122 131 -1.62694876567004e-01
122 132 -5.57205389032659e-02
122 134 -1.07266987331956e-01
122 135 -1.07268908331145e-02
122 137 -9.37922931076611e-04
122 16 -1.37449599205338e-03
122 17 -1.65729755050750e-03
122 19 -4.16040406515972e-03
122 20 -1.11491130108349e-03
122 23 -2.43337366063375e-03
122 24 -4.18364658201648e-03
122 32 -2.27573309972631e-03
122 33 -2.04824708567776e-02
122 39 -1.03767478445657e-03
122 45 -1.65274526314179e-04
122 49 -2.18527327769572e-03
122 50 -9.91004396377884e-04
122 56 -1.73771115820709e-03
122 58 -1.52219284769770e-03
122 59 -3.80955392414308e-02
122 63 -3.91566532084865e-02
122 64 -2.43851007515581e-02
122 69 -3.33373976175825e-05
122 70 -5.59545834037027e-03
122 71 -2.41041874954648e-02
122 72 -1.00956564525181e-02
122 75 -1.16058707181059e-01
122 76 -2.19747817458693e-01
122 77 -7.10849857788551e-03
122 78 -2.66088303594537e-02
122 79 -1.71978380215690e-02
122 80 -6.92075375911488e-03
122 83 -1.10562674739479e-01
122 84 -7.87154197438101e-03
122 85 -8.51378533690575e-02
122 86 -7.83182177050332e-02
122 87 -3.31039944953303e-02
122 91 -3.21903726090660e-02
122 92 -1.13131238567730e-02
122 94 -6.40386431164117e-02
122 95 -3.35192706578020e-01
122 96 -3.21598123454860e-01
122 97 -3.18653400167055e-02
122 99 -2.40285926147382e-03
122 101 -1.72307921168492e-04
122 102 -2.00220975507735e-03
122 103 -1.62175726165068e-03
122 104 -1.38469691667019e-03
122 107 -3.87349408783183e-02
122 138 -6.79187801996508e-04
122 139 -7.01594264741024e-02
122 140 -8.04271599789120e-02
122 143 -3.15010214783065e-04
122 144 -1.53969123525407e-02
123 123 5.25243700114744e+00
123 110 -8.88985550767709e-05
123 111 -2.34443551224057e-02
123 112 -8.53409615208977e-03
123 113 -2.21966120677164e-02
123 114 -8.69426374754003e-04
123 115 -9.92174893097600e-02
123 116 -7.74846760596644e-02
123 117 -3.32826025031462e-02
123 118 -1.30503348393986e-01
123 119 -1.15047150061911e-01
123 120 -1.47778009503052e-01
123 121 -1.58167193974133e-01
123 122 -1.34535375380401e+00
123 124 -3.19094594191517e-01
123 125 -1.42626436419714e-02
123 126 -1.01816228936205e-02
123 127 -1.80536341751851e-04
123 128 -5.71659899640271e-01
123 129 -1.36560464169807e-01
123 130 -7.49214695090038e-03
123 131 -8.87057778413275e-02
123 132 -2.22652068841407e-02
123 134 -1.22079025663142e-01
123 135 -3.48534147070437e-02
123 136 -1.93177445368842e-04
123 137 -3.04477242527331e-04
123 24 -1.84575460590700e-04
123 33 -1.59420916269664e-04
123 39 -5.60398781686565e-05
123 59 -4.00613968185195e-04
123 61 -1.21921863920750e-04
123 69 -9.33523752144320e-04
123 71 -1.25308641975309e-03
123 72 -5.34558835131240e-04
123 75 -2.11083821919484e-02
123 76 -6.51709968955292e-02
123 78 -2.41637618399334e-03
123 79 -5.34382640827354e-04
123 83 -4.66954694090139e-02
123 85 -1.00173466081652e-04
123 86 -6.13191400494526e-04
123 87 -5.04424873761172e-04
123 91 -2.76261933197254e-04
123 92 -1.96027490264708e-04
123 93 -2.05874751753189e-04
123 94 -1.14219420431697e-02
123 95 -8.05230218894914e-02
123 96 -1.26337530422893e-01
123 97 -3.86275491555128e-04
123 102 -1.68249137947284e-04
123 107 -3.78044040548443e-03
123 138 -2.54586886718071e-03
123 139 -7.19020768261344e-02
123 140 -1.13452782489728e-01
123 141 -2.00289974718205e-03
123 142 -2.41532457936379e-03
123 143 -7.42648017602771e-03
123 144 -6.00668073119778e-02
124 124 5.57224055211781e+00
124 110 -1.10122705056156e-04
124 111 -7.05189818969815e-03
124 112 -2.84766771891324e-03
124 113 -8.91234028038696e-03
124 114 -2.34651124451934e-03
124 115 -2.80162142318556e-02
124 116 -1.80761548460923e-02
124 117 -7.43345643218608e-02
124 118 -8.55438753308487e-02
124 119 -5.94646742500287e-04
124 120 -1.15920800109609e+00
124 121 -3.72855835948466e-03
124 122 -1.19061896447350e-01
124 123 -3.19094594191517e-01
124 125 -1.16134966904788e+00
124 126 -1.94326839739898e-01
124 127 -5.91564162027246e-03
124 128 -3.39337816259934e-02
124 129 -1.21365635265511e+00
124 130 -1.21867835180320e-02
124 131 -7.84028029721748e-02
124 132 -9.61904671030147e-02
124 133 -1.00821208197798e-03
124 134 -1.37360460889385e-03
124 135 -2.21192012376034e-02
124 136 -2.77710696499106e-03
124 17 -1.89881740381485e-04
124 20 -2.97316960257160e-03
124 24 -7.45070206617205e-03
124 30 -9.63810074056267e-04
124 32 -6.51956956218287e-05
124 33 -2.44980383197629e-03
124 34 -9.34842916218387e-04
124 35 -2.33397883154407e-04
124 39 -7.72639258214935e-04
124 40 -3.14363971381793e-03
124 51 -1.66196180636175e-04
124 52 -6.29573910142980e-04
124 56 -1.99094977784555e-04
124 57 -5.89463043610213e-04
124 59 -9.26469803460625e-03
124 60 -3.22416965245492e-04
124 61 -5.59739548776827e-03
124 64 -1.15684493500423e-02
124 65 -6.61747086653050e-03
124 67 -4.15466665710930e-03
124 68 -1.00669287265372e-04
124 69 -7.09013789048087e-03
124 71 -1.43683253235916e-03
124 72 -9.80258794539141e-03
124 73 -2.72741836633670e-03
124 74 -1.38576450025086e-04
124 75 4.27662064225128e-03
124 76 -6.18775508345541e-03
124 78 -5.86257886934211e-04
124 79 -7.29236961911873e-03
124 80 -2.50960046613646e-02
124 81 -1.04649491920642e-03
124 82 -5.14815751773211e-04
124 83 -5.24848371354720e-02
124 84 -8.24514260309086e-03
124 85 -5.59329180115276e-03
124 86 -2.65981685634400e-02
124 87 1.65360772874692e-02
124 88 -1.35018995484150e-02
124 89 -6.29718044086630e-03
124 90 -2.79980879419505e-04
124 91 -2.08919984444082e-02
124 92 5.39715207625954e-03
124 93 1.38608843631004e-02
124 94 -6.11784263976702e-04
124 95 -2.98934097785555e-02
124 96 5.58476448870080e-02
124 97 -3.00789430763073e-03
124 98 -1.72041383513501e-03
124 99 -2.16412572208374e-02
124 102 -3.74077715009093e-04
124 103 -1.27808414280814e-03
124 104 -7.67001118065513e-03
124 105 -7.92871002179165e-04
124 107 -3.58440943125350e-03
124 108 -4.70137212255310e-03
124 138 -3.37125616989918e-04
124 139 -4.34268274350492e-02
124 140 -1.73361865616128e-03
124 141 -3.73164462742034e-03
124 142 -5.63129767682184e-03
124 143 -6.74824370480250e-03
124 144 -2.24351404471559e-02
125 125 5.08121116101938e+00
125 109 -9.69881647163685e-03
125 110 -9.12713888709283e-03
125 111 -5.11919396391638e-03
125 112 -8.67771588692624e-05
125 113 -2.25354558022693e-03
125 114 -1.36953082083069e-02
125 115 -6.62514189084687e-04
125 116 -8.41807830673192e-03
125 117 -1.85896616695093e-01
125 118 -1.40746098729021e-01
125 119 -9.89215113913907e-06
125 120 -2.62602533857875e-01
125 121 -8.49521352655065e-04
125 122 -2.64241534823325e-02
125 123 -1.42626436419714e-02
125 124 -1.16134966904788e+00
125 126 -4.65423243992545e-01
125 127 -7.09030232736395e-02
125 128 -6.26214297980338e-03
125 129 -2.38941222795139e-01
125 130 -2.60428057771730e-01
125 131 -6.29651520868085e-03
125 132 -1.92376972547417e-02
125 133 -6.44321170616986e-03
125 134 -4.29489273578852e-04
125 135 -2.53960358604077e-01
125 136 -4.20068887226547e-02
125 11 -1.96658887277931e-05
125 20 -1.57156298193209e-03
125 24 -1.20465204529485e-03
125 35 -8.14946987977793e-04
125 36 -9.32691413533882e-05
125 48 -7.13540957718698e-05
125 52 -3.47420391152165e-04
125 53 -6.19384616030987e-05
125 54 -4.47355733094861e-05
125 57 -2.74925454777197e-04
125 59 -2.98435540781507e-03
125 60 -5.99572684524600e-04
125 61 -2.91761688392522e-02
125 64 -4.93193553124328e-03
125 65 -7.39077492772983e-03
125 66 -1.92188053706657e-05
125 67 -1.37169745520373e-02
125 68 -3.29296661079748e-03
125 69 -2.83542508055964e-02
125 72 -1.91136904305759e-03
125 73 -1.00545722342673e-02
125 74 -2.86389090649910e-03
125 75 -2.00016468643580e-02
125 76 -4.65392670538804e-04
125 79 -5.41040464237428e-04
125 80 -1.49017014655526e-02
125 81 -1.44537864314447e-03
125 82 -5.78089682627842e-03
125 83 -3.06575685375321e-03
125 84 -1.03770332998869e-01
125 86 -5.68529789468523e-04
125 87 -2.89027671802228e-02
125 88 -1.34335818709206e-02
125 89 -1.54040358686497e-02
125 90 -4.03591230537782e-03
125 92 -1.41369755069708e-02
125 93 -9.59920877496497e-02
125 95 -4.56683394779847e-04
125 96 -8.12067702808028e-02
125 98 -1.41229672104778e-03
125 99 -2.26915622761513e-02
125 108 -7.42006632788824e-03
125 138 -5.16506637746601e-04
125 139 -7.88265467423237e-02
125 140 -1.43532949331309e-03
125 141 -1.15496867722618e-02
125 142 -8.16239217555359e-02
125 143 -6.74956113117046e-02
125 144 -1.27534914552971e-02
126 126 4.98671027164711e+00
126 109 -2.70074082455810e-03
126 110 -2.32136862907139e-03
126 114 -9.12600829495971e-03
126 115 -1.63749539810684e-04
126 117 -9.13574615225686e-02
126 118 -2.11344506579757e-01
126 120 -4.07644516028409e-02
126 122 -6.68617296222704e-02
126 123 -1.01816228936205e-02
126 124 -1.94326839739898e-01
126 125 -4.65423243992545e-01
126 127 -4.21644565617565e-02
126 128 -8.33402551093092e-03
126 129 -4.01775534940438e-01
126 130 -1.21950595895016e-01
126 131 -5.71326910124287e-02
126 132 -4.54696774595359e-01
126 133 -6.70770723835785e-02
126 135 -4.80463501351891e-01
126 136 -1.03816317735940e-01
126 20 -1.55779387661858e-03
126 24 -1.27406784700413e-03
126 30 -1.42540217139460e-03
126 33 -6.23364383633718e-04
126 34 -1.38256193679581e-03
126 35 -7.11454304153773e-03
126 36 -9.71212697741031e-04
126 39 -2.12087047852235e-04
126 40 -2.47572847082268e-03
126 41 -6.97424122170235e-04
126 42 -4.41854569251166e-03
126 46 -6.82032247037990e-04
126 52 -3.36428634758204e-04
126 57 -2.66227307799157e-04
126 59 -2.93513929809782e-03
126 60 -1.72291604993272e-04
126 61 -1.69178174124513e-02
126 64 -4.89647957383189e-03
126 65 -6.77060367141500e-03
126 67 -1.40452623517086e-02
126 68 -1.65641941473735e-03
126 69 -4.65014746520991e-02
126 72 -1.96251284957357e-03
126 73 -1.10309317390379e-02
126 74 -2.28014649236412e-03
126 75 -3.10149512852629e-02
126 79 -5.74679467019493e-04
126 80 -2.51752096482811e-02
126 81 -1.43914728968149e-03
126 82 -6.97272879454281e-03
126 83 -3.83193149563636e-03
126 84 -1.34839900059467e-01
126 85 -6.61580776615661e-04
126 86 -2.07704332897625e-03
126 87 -7.16773327134044e-02
126 88 -2.87581745265001e-02
126 89 -2.92075738178180e-02
126 90 -8.07105323417480e-03
126 91 -1.50806889949631e-02
126 92 -8.69039579647619e-02
126 93 -1.61662937701963e-01
126 95 -9.21048652378412e-03
126 96 -2.71492301049957e-01
126 97 -1.02116960337643e-03
126 98 -3.46447117091022e-02
126 99 -2.08849951271428e-01
126 102 -1.02683156984392e-04
126 103 -6.33001610147785e-04
126 104 -2.49960563007328e-02
126 105 -1.22963658648317e-02
126 107 -2.04907869198195e-03
126 108 -6.07639145410764e-02
126 139 -1.50265857409951e-02
126 141 -1.20991539504388e-03
126 142 -3.36687535619033e-02
126 143 -4.87401991044091e-02
126 144 -1.80697445756463e-03
127 127 5.24878492829814e+00
127 109 -2.30439426958604e-03
127 110 -4.14702745622911e-03
127 114 -1.36204619072705e-02
127 117 -4.25359783160512e-02
127 118 -2.65342659023716e-02
127 120 -1.42005266361962e-02
127 123 -1.80536341751852e-04
127 124 -5.91564162027246e-03
127 125 -7.09030232736395e-02
127 126 -4.21644565617565e-02
127 128 -8.17693781325646e-06
127 129 -8.18964218805821e-03
127 130 -4.16998848241026e-01
127 131 -2.20478623313167e-05
127 132 -1.05437593835136e-02
127 133 -1.17584061409566e+00
127 135 -2.55437481868484e-02
127 136 -1.19576679260886e-01
127 11 -3.29063099863440e-05
127 20 -1.52827802508546e-04
127 35 -1.21670991070761e-02
127 36 -8.86152385040704e-03
127 41 -8.82905028746518e-05
127 42 -5.89508686651650e-03
127 46 -8.63419663207670e-05
127 48 -1.19394553013314e-04
127 53 -1.03639669978828e-04
127 54 -7.48546207656674e-05
127 60 -7.05536944596776e-04
127 61 -6.31987529180192e-03
127 65 -1.54516927262361e-03
127 66 -3.21582195367841e-05
127 67 -1.00757078297216e-02
127 68 -9.70503998520723e-03
127 69 -3.18454052474773e-02
127 73 -9.00265083968042e-03
127 74 -8.27801184663032e-03
127 75 -1.68344461835699e-03
127 80 -2.09841248485754e-03
127 81 -3.98847906988026e-04
127 82 -1.34683493420985e-02
127 84 -8.94557315352891e-02
127 87 -3.81453602560699e-03
127 88 -7.35533754117992e-03
127 89 -3.54013900922780e-02
127 90 -3.53163143780904e-02
127 92 -1.74450751939881e-03
127 93 -7.20025566724862e-02
127 96 -8.77634069715614e-03
127 98 -2.70110128647481e-02
127 99 -3.31391985286800e-02
127 104 -7.14913387144672e-04
127 105 -1.21882721977731e-03
127 106 -7.44821825938644e-03
127 108 -1.04032727349441e-01
127 139 -1.33892829323104e-02
127 141 -1.33124605753369e-02
127 142 -4.46065851392423e-02
127 143 -4.13770723412887e-02
127 144 -2.90920102710765e-05
128 128 4.83678246650432e+00
128 111 -3.75203784774027e-03
128 112 -2.94525918604741e-03
128 113 -2.03597127228824e-04
128 114 -3.65632705623927e-05
128 115 -2.69302080929175e-02
128 116 -4.93155393575814e-02
128 117 -4.04042757420353e-03
128 118 -2.60743368864221e-02
128 119 -9.76708224241907e-02
128 120 -2.15921298056980e-02
128 121 -2.80631350760087e-01
128 122 -2.06781180520901e-01
