47 108 47 108
47 47 5.09005464368053e+00
47 48 -3.70565365855156e-01
47 50 -8.40286433784829e-04
47 51 -2.26264514249510e-02
47 52 -1.73942094449420e-01
47 53 -4.09590783095458e-01
47 54 -4.52386426433426e-01
47 56 -2.83651870500434e-04
47 57 -1.04337916300011e-02
47 59 -9.58534315563086e-03
47 60 -7.28360450818006e-02
47 61 -7.39704807645925e-02
47 64 -1.32401510040961e-03
47 65 -1.88687899410513e-02
47 66 -2.00279209302681e-02
47 67 -1.21451756042368e-02
47 69 -4.43740038652083e-04
47 72 -7.92433521875549e-05
47 73 -9.78520005158144e-03
47 74 -7.14475054988772e-04
47 80 -2.93551403559697e-05
47 81 -2.88476085412899e-03
47 84 -2.97698867662030e-05
47 90 -5.72615196743666e-05
47 0 -2.44887662481931e-02
47 3 -1.07134974557401e-02
47 4 -6.28615969781897e-02
47 5 -4.00650771964356e-01
47 7 -4.43007051003734e-02
47 9 -5.11643938546241e-05
47 10 -1.15945635592303e-02
47 11 -6.99755483359232e-02
47 12 -1.58038851252629e-02
47 13 -7.95500916771285e-04
47 14 -3.45149113125767e-02
47 16 -4.78449916676205e-05
47 17 -2.54258674708345e-03
47 20 -5.98984023144626e-03
47 24 -7.83432872977125e-04
47 25 -7.31507539301114e-03
47 26 -2.37617347551912e-04
47 31 -1.15155467460565e-04
47 109 -1.11544631768023e-02
47 110 -2.08597429551200e-02
47 111 -1.91248121248891e-05
47 114 -1.33041709802278e-03
47 138 -1.89939009918189e-05
47 139 -1.48320025896093e-03
47 141 -1.92548472982806e-05
47 142 -3.26281774795005e-05
48 48 5.27962559394364e+00
48 47 -3.70565365855156e-01
48 50 -2.87351240012927e-04
48 51 -4.60336994687207e-03
48 52 -2.73993053986828e-02
48 53 -3.65330995974538e-01
48 54 -4.07819579061256e-01
48 57 -6.64112477293314e-04
48 59 -4.74943412438790e-03
48 60 -5.71369410284652e-02
48 61 -4.53875430565142e-02
48 65 -1.03191022253402e-03
48 66 -9.16298485093687e-03
48 67 -1.54923168645060e-04
48 68 -4.58460480503753e-02
48 69 -2.20762125183792e-02
48 73 -2.44336963768104e-04
48 74 -1.85835785980164e-04
48 82 -5.15522577271027e-05
48 84 -5.84327706299348e-04
48 90 -4.68514915707846e-05
48 0 -6.07857069951958e-04
48 3 -9.35193103727361e-04
48 4 -1.86743041721040e-03
48 5 -1.88030758138174e-02
48 7 -6.07420274808808e-03
48 10 -1.36247873643588e-04
48 11 -1.78586546330960e-02
48 12 -9.09324234015529e-05
48 14 -3.33010532367675e-04
48 20 -1.01625142138743e-04
48 109 -2.84929830110750e-02
48 110 -1.38797571623103e-01
48 111 -6.45472686621295e-05
48 114 -1.56729155124999e-02
48 117 -9.36387108685366e-05
48 125 -7.13540957718698e-05
48 127 -1.19394553013314e-04
48 130 -5.48553003004873e-05
48 138 -6.41054365530363e-05
48 139 -2.52488922427437e-03
48 141 -9.32246889417113e-05
48 142 -3.38379034580060e-04
49 49 5.12046737425011e+00
49 50 -1.25857928431027e+00
49 51 -1.20072954719588e-02
49 52 -2.88778165967355e-04
49 54 -8.69215701774259e-05
49 55 -4.48952184506136e-01
49 56 -7.96119312067345e-02
49 57 -2.24611475801258e-04
49 58 -1.23919035672927e-01
49 59 -9.85555743935778e-02
49 60 -6.66036837723019e-05
49 61 -1.33215978934486e-03
49 62 -2.00989730905583e-02
49 63 -2.65198537309703e-01
49 64 -2.76903817611232e-03
49 65 -1.31337430442259e-04
49 70 -4.07751079790610e-03
49 71 -8.60165699058132e-03
49 72 -1.12695530270909e-03
49 75 -9.87259833722458e-03
49 76 -3.86677053599650e-02
49 78 -3.54554617842840e-03
49 83 -9.39993056833342e-03
49 94 -5.51084747979305e-05
49 95 -3.77200256778030e-04
49 0 -1.35108947511552e-03
49 1 -4.07067068985907e-01
49 2 -1.10184861299273e-01
49 3 -3.05983196991266e-02
49 4 -3.35784614220739e-04
49 6 -6.07664792011449e-02
49 7 -8.67053075078453e-05
49 8 -1.63768740649712e-01
49 9 -4.08196757916993e-01
49 10 -1.17749515572214e-02
49 13 -1.72281491457478e-02
49 15 -3.63338215886970e-02
49 16 -3.42000324326894e-02
49 17 -2.58806570851096e-03
49 18 -2.79892704962695e-03
49 19 -1.10788616411297e-03
49 109 -9.38216358412771e-04
49 111 -1.77870631018009e-02
49 112 -5.96692060392784e-02
49 113 -1.32285809654015e-02
49 115 -8.07857690732857e-03
49 116 -2.03567587991750e-02
49 118 -4.34310380492605e-04
49 119 -1.72795426998174e-03
49 121 -6.09900110892317e-04
49 122 -2.18527327769572e-03
49 128 -1.67642452718697e-04
49 138 -5.44665220421392e-04
49 139 -8.58340443684722e-04
49 140 -2.58468731110249e-03
50 50 5.09383195327795e+00
50 47 -8.40286433784829e-04
50 48 -2.87351240012927e-04
50 49 -1.25857928431027e+00
50 51 -3.02578933301735e-01
50 52 -1.01918015431660e-02
50 53 -2.46418770451552e-04
50 54 -1.34029812227054e-03
50 55 -8.83811618696705e-02
50 56 -3.75643399521267e-01
50 57 -7.90894161511584e-04
50 58 -3.72426978836028e-02
50 59 -2.97518665028699e-01
50 60 -3.03379398092815e-04
50 61 -5.10954296722290e-03
50 62 -1.43846664630817e-03
50 63 -6.63921403021313e-02
50 64 -1.96834045151661e-02
50 65 -1.06471468058309e-03
50 66 -2.29586678187629e-04
50 70 -7.34822746383763e-04
50 71 -6.43831094142318e-02
50 72 -1.53025309686100e-02
50 73 -2.26184856957168e-04
50 75 -1.90859719054853e-02
50 76 -1.77625820106226e-03
50 78 -5.19974243559786e-04
50 83 -1.15715019517022e-02
50 86 -7.82771165457828e-05
50 94 -2.49912637288165e-05
50 95 -1.71057376025784e-04
50 0 -1.90279227698142e-02
50 1 -1.29490141986577e-01
50 2 -4.26388453909694e-01
50 3 -1.63234198320300e-01
50 4 -2.70504444605402e-02
50 5 -8.41979866346035e-04
50 6 -7.01842566170235e-02
50 7 -7.13076391110978e-04
50 8 -1.31270756237702e-02
50 9 -1.58529167516581e-01
50 10 -4.71398523843598e-02
50 11 -5.11553032108794e-04
50 13 -5.74870901173969e-02
50 14 -3.70313697634358e-03
50 15 -4.87012390186130e-03
50 16 -8.21240745021683e-02
50 17 -7.61384196397749e-02
50 18 -2.98283291515302e-03
50 19 -4.40036674189348e-04
50 20 -8.59135424334854e-04
50 22 -6.58468181517973e-04
50 24 -8.28530815164460e-04
50 30 -1.85884142656338e-04
50 33 -1.13827001065647e-04
50 37 -5.42420193837807e-05
50 109 -1.75609953750223e-03
50 110 -2.49286677570533e-05
50 111 -4.28513967444886e-02
50 112 -1.41802679157649e-01
50 113 -3.20886053699048e-02
50 115 -1.33310562310327e-02
50 116 -4.69468961681889e-03
50 118 -1.96956371934666e-04
50 119 -5.17061583123120e-04
50 121 -2.76584945880533e-04
50 122 -9.91004396377884e-04
50 128 -7.60245454696553e-05
50 138 -1.36488580652729e-03
50 139 -6.62737538629748e-04
50 140 -8.06330851536451e-04
51 51 5.36696008801946e+00
51 47 -2.26264514249510e-02
51 48 -4.60336994687207e-03
51 49 -1.20072954719588e-02
51 50 -3.02578933301735e-01
51 52 -1.26087699429291e+00
51 53 -2.45092020850720e-03
51 54 -4.07112679737739e-02
51 55 -1.13861614630332e-04
51 56 -2.14621917647843e-01
51 57 -1.09366438659495e+00
51 59 1.07415803838012e-03
51 60 -1.49012004795466e-02
51 61 -9.08002217951739e-02
51 64 -4.00337699562344e-02
51 65 -3.90053636049717e-02
51 66 -1.79516637628405e-03
51 67 -1.50409929772463e-03
51 69 -2.33746349458472e-03
51 71 -2.53012020206738e-04
51 72 -1.18965794751898e-03
51 73 -1.76856711913525e-03
51 75 -2.64062730538633e-02
51 76 -3.97591703413787e-03
51 80 -1.57679312579975e-04
51 86 -1.15427445906635e-04
51 87 -1.10032275704771e-04
51 92 -4.27602839917310e-05
51 96 -2.67261682814631e-04
51 0 -3.48421660667122e-02
51 1 -8.99462061921687e-03
51 2 -4.84969798744487e-02
51 3 -2.33369321186965e-01
51 4 -1.72044486671735e-01
51 5 -2.46205497775340e-02
51 6 -1.69866472194797e-02
51 7 -7.83449121901444e-03
51 8 -4.88927164059279e-04
51 9 -2.57569214075270e-02
51 10 -2.25517128894623e-01
51 11 -5.31450166748217e-03
51 12 -2.10862409864134e-03
51 13 -1.26625282675490e-02
51 14 -1.36155620913406e-02
51 15 -8.21437190071915e-04
51 16 -1.50851648999866e-02
51 17 -2.99613047335352e-02
51 18 -8.13185213531989e-04
51 19 -2.68181788517835e-04
51 20 -6.97379466957291e-03
51 24 -2.35194921778035e-03
51 26 -3.63452351687773e-04
51 30 -3.06682957754849e-04
51 33 -1.67849310092239e-04
51 37 -7.99852886076361e-05
51 109 -2.36510491123280e-02
51 110 -1.03760558066741e-02
51 111 -3.09243993268959e-02
51 112 -4.76198154626495e-02
51 113 -3.07208360962032e-02
51 115 -1.19080788644207e-02
51 116 -2.24553249382382e-03
51 117 -3.26423145217015e-02
51 118 -4.88674078878323e-03
51 124 -1.66196180636175e-04
51 138 -6.55552279706409e-03
51 139 -2.03446369271188e-02
51 141 -1.22550520622355e-03
52 52 5.22879048397928e+00
52 47 -1.73942094449420e-01
52 48 -2.73993053986828e-02
52 49 -2.88778165967355e-04
52 50 -1.01918015431660e-02
52 51 -1.26087699429291e+00
52 53 -9.69546030800288e-02
52 54 -9.34419200546277e-02
52 56 -6.66629257802902e-03
52 57 -2.05477771674486e-01
52 59 -1.52091071593594e-01
52 60 -1.18308350641623e-01
52 61 -3.55683231125791e-02
52 64 -4.02448618339941e-02
52 65 -3.14414309766256e-01
52 66 -1.67071460051387e-02
52 67 -8.69139679523935e-02
52 69 -9.85940276276189e-03
52 72 -1.59291681885033e-03
52 73 -2.28196712370912e-02
52 74 -1.34852462780688e-03
52 75 -2.42732808157943e-02
52 76 -2.09557048612494e-04
52 79 -7.16051869896750e-05
52 80 -3.92233931519424e-03
52 81 -1.42515017139158e-02
52 83 -1.96735198827529e-04
52 84 -7.67319668317692e-03
52 86 -7.52433220340971e-05
52 87 -8.23537325068240e-04
52 88 -1.00871905904069e-04
52 90 -1.08077348491537e-04
52 92 -2.58670399741039e-04
52 93 -2.97215201950967e-04
52 96 -1.01242388385173e-03
52 0 -1.15962850671666e-01
52 3 -7.60676850111343e-02
52 4 -4.29149055483369e-01
52 5 -2.27422163278297e-01
52 7 -7.13782968263810e-02
52 9 -9.65694249197488e-05
52 10 -1.64060273545523e-01
52 11 -5.04480638375299e-02
52 12 -9.79895829810075e-03
52 13 -1.50145560746818e-03
52 14 -8.21094680897230e-02
52 16 -9.03042718293576e-05
52 17 -4.93579562914531e-03
52 20 -3.96148780999077e-02
52 24 -2.02357036134109e-03
52 25 -9.84233474050284e-03
52 26 -4.48487099627202e-04
52 31 -2.17348363407349e-04
52 109 -3.55026360493837e-02
52 110 -3.29151346919250e-02
52 111 -2.51702419344253e-02
52 112 -5.94146269021417e-03
52 113 -3.90747431275525e-02
52 114 -6.33036142816196e-03
52 115 -4.57237855483058e-03
52 117 -2.96621516129753e-02
52 118 -7.33293800916452e-03
52 124 -6.29573910142980e-04
52 125 -3.47420391152165e-04
52 126 -3.36428634758204e-04
52 138 -3.59587925486960e-05
52 139 -2.02587636464150e-02
52 141 -9.52015636933854e-04
52 142 -4.47589912227208e-04
53 53 5.09345888522418e+00
53 47 -4.09590783095458e-01
53 48 -3.65330995974538e-01
53 50 -2.46418770451552e-04
53 51 -2.45092020850720e-03
53 52 -9.69546030800288e-02
53 54 -3.99530003043282e-01
53 56 -2.83805990313719e-04
53 57 -9.38386267944898e-03
53 59 -1.94476925127198e-03
53 60 -1.64794836584740e-01
53 61 -4.00856297366642e-02
53 64 -1.32473449266922e-03
53 65 -1.91981299735772e-02
53 66 -2.04132232964547e-01
53 67 -2.44618166358284e-02
53 68 -8.17178019148064e-02
53 69 -9.95904404035963e-03
53 72 -7.92864083839470e-05
53 73 -2.22765914709461e-02
53 74 -9.18286714956492e-04
53 80 -2.93710902199444e-05
53 81 -3.65007232706762e-03
53 82 -4.47496040870862e-05
53 84 -3.47108282605746e-04
53 90 -1.44148546810559e-04
53 0 -2.09869507273019e-02
53 3 -1.96193097932701e-03
53 4 -9.86052967119034e-03
53 5 -6.20249345328153e-02
53 7 -4.15534255168510e-02
53 9 -5.11921935896085e-05
53 10 -8.27118431750824e-03
53 11 -4.06585328253867e-01
53 12 -2.30235889071929e-02
53 13 -7.95933145377939e-04
53 14 -3.70921790780525e-02
53 16 -4.78709878338699e-05
53 17 -2.54396823980560e-03
53 20 -5.10554314074790e-03
53 24 -7.83858544515592e-04
53 25 -9.50847121412769e-03
53 26 -2.37746454901613e-04
53 31 -2.08101709057101e-04
53 109 -1.55284868889437e-04
53 110 -6.02494890512199e-02
53 114 -5.68398111098123e-03
53 117 -8.12824776903838e-05
53 125 -6.19384616030987e-05
53 127 -1.03639669978828e-04
53 130 -4.76167888421011e-05
53 139 -2.17605606287731e-04
53 141 -2.45122860904750e-05
53 142 -1.18241169474302e-04
54 54 5.10257295436892e+00
54 47 -4.52386426433426e-01
54 48 -4.07819579061256e-01
54 49 -8.69215701774259e-05
54 50 -1.34029812227054e-03
54 51 -4.07112679737739e-02
54 52 -9.34419200546276e-02
54 53 -3.99530003043282e-01
54 57 -2.83818634471457e-02
54 59 -6.56166529122891e-02
54 60 -1.24325712371402e+00
54 61 -1.82413983463514e-01
54 64 -1.83670216614065e-03
54 65 -8.35617021610753e-02
54 66 -3.28180234636455e-02
54 67 -2.93191521245560e-02
54 68 -5.17193561367717e-02
54 69 -7.74039542110107e-02
54 73 -1.17740228281513e-02
54 74 -1.16510066273155e-04
54 75 -8.77006688918849e-04
54 76 -6.30761943034305e-05
54 81 -2.07228079398215e-03
54 82 -3.23207768225902e-05
54 84 -1.12741634133712e-03
54 90 -2.93736233800036e-05
54 0 -6.64149342981053e-03
54 3 -4.63089425518591e-03
54 4 -1.43699129722560e-02
54 5 -1.02045401818199e-01
54 7 -1.59159887844902e-02
54 10 -1.63717843048022e-02
54 11 -5.71412888122714e-02
54 12 -3.57170319538368e-03
54 14 -3.81011517979113e-02
54 20 -1.01794492106908e-02
54 25 -9.37683715461494e-04
54 109 -7.60366108906363e-02
54 110 -1.85433316502586e-01
54 111 -9.53668299943471e-03
54 112 -1.47068067958165e-03
54 113 -1.54415040910277e-02
54 114 -3.84785871002104e-02
54 115 -4.88797862333571e-05
54 117 -9.47441792611311e-03
54 125 -4.47355733094861e-05
54 127 -7.48546207656674e-05
54 130 -3.43916250561439e-05
54 138 -1.49773434341642e-04
54 139 -1.20514950735430e-02
54 141 -7.65541020552283e-04
54 142 -1.04629097656911e-03
55 55 4.89224018039635e+00
55 49 -4.48952184506136e-01
55 50 -8.83811618696705e-02
55 51 -1.13861614630332e-04
55 56 -6.10036685339799e-02
55 58 -4.72868193101623e-01
55 59 -3.55145083277575e-02
55 62 -4.08390258999467e-01
55 63 -4.80706834619181e-01
55 64 -2.51015566065884e-03
55 70 -7.14526807047376e-02
55 71 -1.31132212144117e-02
55 72 -1.25888186771796e-03
55 75 -1.18530135257209e-02
55 76 -8.09824907974686e-02
55 77 -2.81497750989719e-03
55 78 -5.88200271803447e-02
55 83 -1.62318090199043e-02
55 85 -2.02613884530289e-04
55 94 -1.13558298471827e-03
55 95 -1.15216358988795e-03
55 97 -1.89849066214143e-04
55 0 -1.14609207557150e-04
55 1 -8.95493541713825e-02
55 2 -3.94008073852784e-03
55 3 -2.78398706569323e-03
55 4 -2.91732826098576e-05
55 6 -4.50759736110527e-02
55 8 -2.29150399792814e-01
55 9 -4.17169377237598e-01
55 10 -1.95949379931488e-04
55 13 -1.49583732118484e-02
55 15 -4.14946068533919e-01
55 16 -1.86124585737102e-02
55 17 -1.40710133309838e-03
55 18 -1.05912429954082e-02
55 19 -1.80736172087371e-02
55 21 -2.56558184069584e-03
55 22 -8.90628787690952e-04
55 23 -1.74244861783997e-02
55 27 -1.45044659547704e-04
55 28 -1.07159180951890e-05
55 29 -5.72327195742760e-05
55 32 -1.64342548909534e-04
55 111 -9.05064239069781e-04
55 112 -8.44503027911453e-02
55 115 -4.15192709127190e-02
55 116 -5.44433219295092e-02
55 119 -1.19458672249140e-03
55 121 -1.20510078078132e-03
55 140 -1.62697370532968e-03
56 56 5.33975629371325e+00
56 47 -2.83651870500434e-04
56 49 -7.96119312067345e-02
56 50 -3.75643399521267e-01
56 51 -2.14621917647843e-01
56 52 -6.66629257802902e-03
56 53 -2.83805990313719e-04
56 55 -6.10036685339799e-02
56 57 -1.00024777928382e+00
56 58 -1.08399749667686e-02
56 59 -1.25607390414344e+00
56 60 -7.34735970471189e-05
56 61 -9.82279228619165e-04
56 62 -3.04217050112431e-04
56 63 -8.69232591036757e-02
56 64 -1.84951089553483e-01
56 65 -8.61005329987707e-04
56 66 -2.64420094485813e-04
56 67 -9.25548403786622e-05
56 69 -1.43835956149650e-04
56 70 -3.12480341880722e-04
56 71 -1.08361678943753e-01
56 72 -1.59901548389633e-01
56 73 -2.60502141152096e-04
56 75 -7.66447392343960e-02
56 76 -1.02369348019713e-02
56 78 -9.00257122369750e-04
56 79 -3.38199127609979e-05
56 80 -3.51715183915347e-05
56 83 -1.27150954655351e-02
56 86 -1.88452774737860e-04
56 87 -7.57242987655127e-05
56 92 -2.94276611071454e-05
56 96 -4.46346590654065e-04
56 0 -2.08927856846117e-02
56 1 -1.80488512764074e-02
56 2 -6.59217345817989e-02
56 3 -1.29396690741013e-01
56 4 -1.94992259030237e-02
56 5 -5.27006081263412e-04
56 6 -3.74239087121771e-02
56 7 -1.00758713543646e-03
56 8 -7.91538726189320e-04
56 9 -1.03267945074136e-01
56 10 -2.24510064894211e-01
56 11 -5.89167028995326e-04
56 13 -6.30608055044682e-02
56 14 -6.55866942267005e-03
56 15 -3.77552751737051e-03
56 16 -1.28710596161745e-01
56 17 -3.99398142466634e-01
56 18 -3.05046578479467e-03
56 19 -7.94998884102446e-04
56 20 -1.42336540087796e-03
56 22 -6.33028813898711e-04
56 24 -1.56188459496608e-03
56 30 -3.63125109250087e-04
56 33 -2.22361313917938e-04
56 37 -1.05961912260024e-04
56 111 -5.32336158859085e-03
56 112 -8.09905705339679e-02
56 113 -1.17632690158145e-02
56 115 -2.12629077805620e-02
56 116 -1.20789496019495e-03
56 117 -3.02683456896112e-03
56 118 -2.70074119843694e-03
56 120 -1.20652494882050e-04
56 122 -1.73771115820709e-03
56 124 -1.99094977784555e-04
56 139 -1.20156749381279e-03
57 57 5.66999887484788e+00
57 47 -1.04337916300011e-02
57 48 -6.64112477293314e-04
57 49 -2.24611475801258e-04
57 50 -7.90894161511584e-04
57 51 -1.09366438659495e+00
57 52 -2.05477771674486e-01
57 53 -9.38386267944898e-03
57 54 -2.83818634471457e-02
57 56 -1.00024777928382e+00
57 59 -3.32929127114800e-01
57 60 -1.33447572322135e-02
57 61 -3.73466069585852e-02
57 64 -1.10951715559620e+00
57 65 -2.11431423140817e-01
57 66 -8.94166602055378e-03
57 67 -3.22747524904685e-02
57 69 -5.85833034794214e-03
57 72 -1.40117615279929e-03
57 73 -1.16104545536052e-02
57 75 -6.03681488160669e-02
57 76 -1.62993340565537e-04
57 79 -5.66635957442130e-05
57 80 -3.10855154131937e-03
57 81 -4.57249154866213e-03
57 83 -1.55683187820289e-04
57 84 -5.93408410895041e-03
57 86 -5.95425745177718e-05
57 87 -7.12112655851040e-04
57 88 -7.98233359675558e-05
57 92 -2.28174703431722e-04
57 93 -2.35196397920343e-04
57 96 -9.47921212083553e-04
57 0 -7.09699614226582e-03
57 3 -2.90109081252721e-03
57 4 -1.39485935398528e-02
57 5 -1.54839342928760e-02
57 7 -8.41143126828519e-04
57 10 -1.07626422658619e+00
57 11 -1.63705520278676e-02
57 14 -3.90014590974931e-02
57 17 -2.36313151474887e-04
57 20 -2.18640596104053e-02
57 24 -4.76008281737017e-04
57 109 -8.77670718493614e-03
57 110 -3.82729901445101e-03
57 111 -1.43902241789381e-02
57 112 -8.15976662337722e-03
57 113 -3.52703554602547e-02
57 114 -1.63955637310211e-03
57 115 -6.76422740176831e-03
57 117 -2.27188081869860e-02
57 118 -7.98347770176082e-03
57 124 -5.89463043610214e-04
57 125 -2.74925454777197e-04
57 126 -2.66227307799157e-04
57 139 -1.32229137870627e-02
57 141 -3.19256045136320e-04
57 142 -2.02970800233502e-04
58 58 5.14225328915441e+00
58 49 -1.23919035672927e-01
58 50 -3.72426978836028e-02
58 55 -4.72868193101623e-01
58 56 -1.08399749667686e-02
58 59 -4.02061720722418e-02
58 61 -1.07837781565843e-05
58 62 -4.02217894516705e-01
58 63 -7.10980723042424e-02
58 64 -2.39337931963801e-03
58 70 -8.36202308925892e-02
58 71 -1.32930629041740e-02
58 72 -1.20031672747841e-03
58 75 -1.18619670851932e-02
58 76 -1.47224381122460e-01
58 77 -5.01446576485863e-03
58 78 -2.38794147063989e-02
58 83 -1.74456856693053e-02
58 85 -2.39788485458689e-04
58 94 -3.93582092989713e-03
58 95 -2.11962578715207e-03
58 97 -2.24681640938730e-04
58 1 -1.37509311055459e-02
58 2 -1.54805728044301e-03
58 3 -3.30360262602277e-03
58 6 -1.90118827778299e-03
58 8 -1.54630009058276e-01
58 9 -2.35747803848177e-02
58 13 -2.20949302751933e-04
58 15 -3.88130681461993e-02
58 16 -5.05019216184879e-03
58 17 -1.20031672747841e-03
58 18 -6.00350216039225e-04
58 19 -6.59162692392921e-03
58 21 -3.25613916464977e-04
58 23 -5.35336508534162e-03
58 27 -3.07261418391713e-05
58 29 -7.65305817823555e-06
58 32 -1.94495313047249e-04
58 109 -2.66428178433873e-05
58 111 -1.31726226223499e-02
58 112 -8.72575570379794e-02
58 113 -1.87717841771096e-04
58 115 -5.65487513549829e-02
58 116 -9.03907865811895e-02
58 118 -2.88171403864951e-04
58 119 -1.91195465585640e-02
58 121 -6.73407466751995e-03
58 122 -1.52219284769770e-03
58 128 -1.36591367143698e-04
58 138 -3.17346105967403e-04
58 139 -2.11051008686966e-04
58 140 -9.28806646708718e-03
59 59 5.75439870260286e+00
59 47 -9.58534315563086e-03
59 48 -4.74943412438790e-03
59 49 -9.85555743935778e-02
59 50 -2.97518665028699e-01
59 51 1.07415803838006e-03
59 52 -1.52091071593594e-01
59 53 -1.94476925127198e-03
59 54 -6.56166529122891e-02
59 55 -3.55145083277576e-02
59 56 -1.25607390414344e+00
59 57 -3.32929127114800e-01
59 58 -4.02061720722418e-02
59 60 -7.25051196913254e-03
59 61 -1.94219398863901e-01
59 62 -8.53665833129458e-03
59 63 -1.45575993100908e-01
59 64 8.27840053534815e-02
59 65 -1.49227593786210e-01
59 66 -1.85631533338479e-03
59 67 -6.68810176490404e-02
59 69 -2.63832623858163e-02
59 70 -6.44845905583026e-03
59 71 -5.28100656538562e-02
59 72 -9.96875191090378e-02
59 73 -1.18615757088660e-02
59 75 -1.68928022724998e-01
59 76 -1.19085102353604e-01
59 78 -1.37869561697212e-02
59 79 -2.98121925866186e-03
59 80 -3.45657605309455e-02
59 81 -5.78152784811983e-03
59 83 -7.54153967147753e-02
59 84 -4.59526091292409e-02
59 85 -1.52024977212703e-04
59 86 -5.19120816767109e-03
59 87 -1.15702934544014e-02
59 88 -1.00440328525977e-03
59 91 -6.73916779093748e-04
59 92 -2.99662301837982e-03
59 93 -3.20337138705778e-03
59 94 -3.75452908884335e-04
59 95 -2.74288078810613e-03
59 96 -2.20013104397888e-02
59 97 -2.07174870535733e-04
59 99 -4.78856541431199e-04
59 104 -8.60085519179320e-05
59 107 -1.57539306661944e-04
59 0 -9.41760343097400e-04
59 1 -1.01155727421203e-02
59 2 -1.57311061639992e-02
59 3 -3.28574999347442e-02
59 4 -2.17299932376280e-02
59 5 -7.79345833454890e-03
59 7 -1.11618383867846e-04
59 8 -6.49983403820544e-03
59 9 -3.79940546838708e-02
59 10 -2.47986238637080e-02
59 11 -3.34283380916595e-03
59 14 -6.65279973195029e-03
59 15 -3.92141193253313e-03
59 16 -4.41528657706185e-02
59 17 -7.00561798312781e-02
59 19 -4.14149254464888e-03
59 20 -2.08564002166774e-02
59 24 -1.33021181873155e-02
59 30 -4.33510652787118e-05
59 33 -1.33194073104140e-04
59 34 -4.20481559357084e-05
59 40 -4.11765738818245e-05
59 109 -4.42572569604723e-02
59 110 -1.64816406927354e-02
59 111 -1.36389861145703e-01
59 112 9.12677543587808e-02
59 113 -3.98009789106351e-01
59 114 -3.14885833608878e-03
59 115 -1.82133746253316e-01
59 116 -6.63689794295100e-02
59 117 -1.47251854886975e-01
59 118 -8.60963438937855e-02
59 119 -3.74243415502758e-04
59 120 -1.17457269821056e-02
59 121 -2.15184671950612e-03
59 122 -3.80955392414307e-02
59 123 -4.00613968185195e-04
59 124 -9.26469803460625e-03
59 125 -2.98435540781507e-03
59 126 -2.93513929809782e-03
59 128 -4.82943449835535e-04
59 129 -4.56591317637264e-05
59 132 -4.56983301251864e-05
59 138 -8.02502084448882e-03
59 139 -9.11006108628349e-02
59 140 -5.13077505979403e-04
59 141 -2.73275523063735e-03
59 142 -6.23415914765617e-04
60 60 5.29494640164670e+00
60 47 -7.28360450818005e-02
60 48 -5.71369410284652e-02
60 49 -6.66036837723019e-05
60 50 -3.03379398092815e-04
60 51 -1.49012004795466e-02
60 52 -1.18308350641623e-01
60 53 -1.64794836584740e-01
60 54 -1.24325712371402e+00
60 56 -7.34735970471189e-05
60 57 -1.33447572322134e-02
60 59 -7.25051196913255e-03
60 61 -5.11422334143100e-01
60 64 -1.76127873193154e-02
60 65 -1.37937980157139e-01
60 66 -1.18903655249715e-01
60 67 -1.15729089445780e+00
60 68 -2.05370818382390e-01
60 69 -2.11126307168895e-01
60 72 -7.39167533115133e-04
60 73 -7.67329862568094e-02
60 74 -5.68473046588685e-04
60 75 -1.16106784226510e-02
60 76 -4.83321561077484e-05
60 79 -3.66703999532062e-05
60 80 -1.98033132905996e-03
60 81 -1.12095117861762e-02
60 82 -1.57698738453848e-04
60 83 -1.00751897022758e-04
60 84 -6.13836639461796e-03
60 86 -3.85335592126320e-05
60 87 -4.21749378170055e-04
60 88 -5.16584522581832e-05
60 90 -1.43319059943120e-04
60 92 -1.32470110243932e-04
60 93 -1.52209648293865e-04
60 96 -5.18481834959452e-04
60 0 -5.79382754497211e-04
60 3 -7.52607893977508e-04
60 4 -1.82080060156478e-03
60 5 -2.85886616296845e-02
60 7 -2.21980208708330e-02
60 10 -9.35629765283790e-03
60 11 -1.48327492541050e-01
60 12 -1.56212515786325e-02
60 14 -3.44605812631820e-02
60 17 -7.00735630533678e-05
60 20 -9.03332181703226e-03
60 24 -2.79049923431136e-04
60 25 -9.85500923441016e-03
60 109 -2.18143404463621e-02
60 110 -9.05542644285970e-02
60 111 -5.85286187346903e-03
60 112 -1.66742254493764e-03
60 113 -9.61879288455367e-03
60 114 -3.02383759518771e-02
60 115 -2.29589320730510e-03
60 117 -1.91483528544382e-02
60 118 -3.75533925589642e-03
60 124 -3.22416965245492e-04
60 125 -5.99572684524600e-04
60 126 -1.72291604993272e-04
60 127 -7.05536944596776e-04
60 130 -3.24155834518085e-04
60 138 -8.68831190700061e-05
60 139 -1.06372758077091e-02
60 141 -7.43856494027189e-04
60 142 -1.16381507126955e-03
61 61 5.28772768668972e+00
61 47 -7.39704807645925e-02
61 48 -4.53875430565142e-02
61 49 -1.33215978934486e-03
61 50 -5.10954296722289e-03
61 51 -9.08002217951740e-02
61 52 -3.55683231125791e-02
61 53 -4.00856297366642e-02
61 54 -1.82413983463514e-01
61 56 -9.82279228619165e-04
61 57 -3.73466069585851e-02
61 58 -1.07837781565843e-05
61 59 -1.94219398863901e-01
61 60 -5.11422334143100e-01
61 64 -1.14789897592561e-01
61 65 5.22570467130448e-02
61 66 -2.75980243721320e-02
61 67 -1.94225546048352e-03
61 68 -3.70826776642007e-02
61 69 -5.66001275293366e-01
61 72 -9.54035163594032e-03
61 73 -9.20467941351549e-02
61 74 -2.95277306390464e-03
61 75 -1.02219495203628e-01
61 76 -9.99645604120715e-04
61 79 -2.65904920839682e-04
61 80 -2.87515903737197e-02
61 81 -3.87998005695765e-02
61 82 -3.41846464869589e-03
61 83 -7.30573575321525e-04
61 84 -1.42838248218532e-01
61 86 -2.79415087514208e-04
61 87 -5.11618409560825e-03
61 88 -1.25496169722882e-03
61 89 -4.19451224614204e-03
61 90 -1.85296070255218e-03
61 92 -1.76033625446425e-03
61 93 -9.10793516667177e-03
61 96 -8.75835262726734e-03
61 98 -1.04309576352352e-04
61 108 -6.09417999476361e-04
61 0 -2.73372359143259e-03
61 3 -1.03061592367082e-02
61 4 -1.44843074903731e-02
61 5 -5.45163142213039e-02
61 7 -3.94590985911935e-03
61 10 -2.60931568956237e-02
61 11 -3.01024094288822e-02
61 12 -1.79085005055673e-03
61 14 -4.71628398929855e-02
61 17 -9.36823678559203e-04
61 20 -4.05811347821754e-02
61 24 -3.30727272938570e-03
61 25 -4.21677941548481e-03
61 35 -1.09804629453319e-04
61 36 -4.76609080767473e-05
61 109 -1.44845597200991e-01
61 110 -1.87405933432737e-02
61 111 -1.72243489587353e-01
61 112 -2.70296947035241e-02
61 113 -1.62138545311148e-01
61 114 -1.17796344999572e-01
61 115 -4.49456353018402e-02
61 116 -5.91131707979939e-03
61 117 -2.32655087307097e-01
61 118 -8.07944749206594e-02
61 119 -2.01965923607091e-05
61 120 -1.88067150845059e-02
61 123 -1.21921863920750e-04
61 124 -5.59739548776827e-03
61 125 -2.91761688392522e-02
61 126 -1.69178174124513e-02
61 127 -6.31987529180192e-03
61 129 -1.18437387157511e-04
61 130 -8.03147854150823e-03
61 133 -6.50030645501092e-04
61 135 -2.23690024975661e-05
61 136 -4.13760345973457e-04
61 138 -1.02426435533761e-02
61 139 -1.44401755588241e-01
61 140 -2.70016828549580e-04
61 141 -4.12239419603463e-03
61 142 -2.62544924965626e-03
61 143 -4.72842369696679e-03
62 62 5.29182456034896e+00
62 49 -2.00989730905583e-02
62 50 -1.43846664630817e-03
62 55 -4.08390258999467e-01
62 56 -3.04217050112431e-04
62 58 -4.02217894516705e-01
62 59 -8.53665833129458e-03
62 63 -2.43625255984845e-01
62 64 -5.78524992213306e-04
62 70 -1.16797580948356e+00
62 71 -4.48412698412699e-03
62 72 -2.90139226874818e-04
62 75 -3.76891134301255e-03
62 76 -8.36922538229760e-02
62 77 -1.29247107626002e-02
62 78 -4.99459905174191e-02
62 83 -6.75963718820862e-03
62 85 -1.32942281465803e-04
62 94 -1.52305480866320e-03
62 95 -9.35720311697224e-04
62 97 -1.24566823518393e-04
62 1 -1.34487120075126e-03
62 6 -7.92375161736839e-03
62 8 -1.33413747939031e-01
62 9 -2.57301820215391e-02
62 13 -1.40305953309399e-03
62 15 -4.09154141865617e-01
62 16 -6.36449853121738e-04
62 17 -3.19423105770261e-04
62 18 -1.34727003527775e-02
62 19 -2.82460035447453e-02
62 21 -8.16660314497263e-03
62 22 -3.00067844660410e-03
62 23 -4.23632990368024e-02
62 27 -1.14830909233743e-02
62 28 -1.10324614902255e-04
62 29 -7.38836640919842e-04
62 32 -1.07831077048783e-04
62 112 -1.96491193463291e-02
62 115 -1.25321696224332e-02
62 116 -1.59782115339662e-02
62 119 -5.79496362546000e-03
62 121 -1.60419269964986e-03
62 140 -9.95140555429920e-04
63 63 5.24429425799015e+00
63 49 -2.65198537309703e-01
63 50 -6.63921403021313e-02
63 55 -4.80706834619181e-01
63 56 -8.69232591036757e-02
63 58 -7.10980723042425e-02
63 59 -1.45575993100908e-01
63 62 -2.43625255984845e-01
63 64 -7.58221610729439e-02
63 70 -5.30171329578956e-02
63 71 -4.85616903247537e-01
63 72 -6.15541669974289e-02
63 75 -9.33097626376597e-02
63 76 -1.56289325793569e-01
63 77 -6.73775311871966e-02
63 78 -1.24646903411911e-01
63 83 -9.84739714381735e-02
63 85 -2.11349137281408e-02
63 86 -1.55151220622486e-04
63 91 -5.20980319947424e-04
63 94 -1.50841884357721e-02
63 95 -2.82366935288484e-02
63 96 -5.43419479869464e-04
63 97 -2.99949403211514e-03
63 107 -3.11778926155064e-04
63 1 -1.93719064686807e-03
63 2 -1.21455475169450e-05
63 3 -3.42861477110208e-03
63 6 -1.22413091677045e-02
63 8 -6.06827388151513e-03
63 9 -4.09191875960214e-01
63 13 -4.19691006975157e-02
63 15 -4.08508059179801e-01
63 16 -4.00764964665429e-01
63 17 -6.17965371821620e-02
63 18 -4.06135637903317e-02
63 19 -3.96818722329238e-01
63 20 -2.49370933521793e-05
63 21 -4.30408586513662e-04
63 22 -1.44683951197339e-03
63 23 -5.30423674505176e-02
63 24 -3.09154419803985e-05
63 28 -9.88931923595575e-03
63 29 -1.55525088051741e-05
63 32 -2.24158245405471e-03
63 33 -2.63598374034608e-04
63 111 -2.32659543894581e-03
63 112 -1.26621329478457e-01
63 113 -1.37627446040145e-02
63 115 -8.44095927754790e-02
63 116 -5.95046477807629e-02
63 118 -8.24536617883121e-03
63 119 -1.19356720004156e-03
63 121 -2.35199228303825e-02
63 122 -3.91566532084865e-02
63 128 -2.36446134205521e-03
63 138 -7.39818785946047e-05
63 139 -7.28801987153690e-05
63 140 -1.99963290313742e-03
64 64 5.58846349370242e+00
64 47 -1.32401510040961e-03
64 49 -2.76903817611232e-03
64 50 -1.96834045151661e-02
64 51 -4.00337699562344e-02
64 52 -4.02448618339941e-02
64 53 -1.32473449266922e-03
64 54 -1.83670216614065e-03
64 55 -2.51015566065884e-03
64 56 -1.84951089553483e-01
64 57 -1.10951715559620e+00
64 58 -2.39337931963801e-03
64 59 8.27840053534814e-02
64 60 -1.76127873193154e-02
64 61 -1.14789897592561e-01
64 62 -5.78524992213306e-04
64 63 -7.58221610729439e-02
64 65 -1.30679751222979e+00
64 66 -1.23424604016640e-03
64 67 -5.48620412204612e-02
64 69 -2.25194768317366e-02
64 70 -5.94239169982567e-04
64 71 -6.49793913953600e-02
64 72 -3.46301380342508e-01
64 73 -3.55527451656497e-02
64 75 -6.05568608437585e-02
64 76 -2.13929731288338e-02
64 78 -1.71200543992012e-03
64 79 -2.31214867530015e-02
64 80 -8.56903328175774e-02
64 81 -2.52228827765810e-02
64 83 -4.51974864850572e-02
64 84 -7.58481266624279e-02
64 85 -5.04693590121550e-04
64 86 -3.10580115992941e-02
64 87 -7.88328810793313e-02
64 88 -2.23787736099881e-03
64 91 -1.57695509774060e-03
64 92 -5.39694006938148e-03
64 93 -7.24452458763011e-03
64 95 -5.87267954884299e-04
64 96 -2.84169654886106e-02
64 97 -3.78925841804820e-04
64 99 -1.27736254945868e-03
64 104 -2.29430097842620e-04
64 107 -2.88141675869559e-04
64 0 -5.37800560621739e-03
64 3 -3.30997791997748e-03
64 4 -6.21034402762271e-04
64 5 -2.43227510934597e-03
64 7 -9.81038156626515e-04
64 9 -5.69731799687644e-03
64 10 -2.32969710668046e-01
64 11 -2.75008249258869e-03
64 12 -1.39045343346419e-03
64 13 -1.49235236051739e-02
64 14 -4.67889679810044e-02
64 15 -2.89262496106653e-04
64 16 -5.82291300685024e-02
64 17 -4.05351502956267e-01
64 18 -3.20800200676371e-03
64 19 -7.17417804331528e-03
64 20 -1.78355545200631e-01
64 24 -1.21962490193352e-01
64 26 -2.78968073325352e-03
64 30 -3.73051952374872e-03
64 33 -2.76482476635401e-03
64 34 -1.12164573351223e-04
64 37 -8.62240726758582e-04
64 40 -1.09839605060962e-04
64 109 -5.00190180981353e-03
64 110 -2.20930006897630e-03
64 111 -2.63497728530500e-02
64 112 -3.12812242318664e-02
64 113 -4.57456654003534e-02
64 114 -1.88210379196587e-03
64 115 -5.23838014522312e-02
64 116 -8.20652715617602e-03
64 117 -6.28036194394913e-02
64 118 -6.57318316850153e-02
64 120 -1.47573952149231e-02
64 122 -2.43851007515581e-02
64 124 -1.15684493500423e-02
64 125 -4.93193553124328e-03
64 126 -4.89647957383189e-03
64 129 -1.21796947330964e-04
64 132 -1.21901510001820e-04
64 139 -4.22989824578912e-02
64 141 -1.13185104379930e-03
64 142 -5.41710876935945e-04
65 65 5.41175005874863e+00
65 47 -1.88687899410512e-02
65 48 -1.03191022253402e-03
65 49 -1.31337430442259e-04
65 50 -1.06471468058309e-03
65 51 -3.90053636049717e-02
65 52 -3.14414309766256e-01
65 53 -1.91981299735772e-02
65 54 -8.35617021610753e-02
65 56 -8.61005329987707e-04
65 57 -2.11431423140816e-01
65 59 -1.49227593786210e-01
65 60 -1.37937980157139e-01
65 61 5.22570467130447e-02
65 64 -1.30679751222979e+00
65 66 -1.05497814740268e-01
65 67 1.63556167596751e-02
65 68 -1.27624798215570e-03
65 69 -1.03598483910350e-01
65 72 -8.72109510919969e-02
65 73 -1.63141643695322e-01
65 74 -4.35009978208750e-03
65 75 -1.29326479930780e-01
65 76 -9.53073588636197e-05
65 79 -1.07505384106618e-03
65 80 -2.88530865403177e-01
65 81 -4.27830701220902e-02
65 82 -8.47806050539797e-04
65 83 -2.95370964121567e-03
65 84 -2.15170852649142e-01
65 86 -1.12967545743578e-03
65 87 -1.04875236617096e-02
65 88 -4.44556999411470e-03
65 89 -1.47951387552196e-03
65 90 -5.95303776538493e-04
65 92 -3.15424258243143e-03
65 93 -6.84673419078596e-03
65 96 -1.06416187965079e-02
65 0 -3.52986488483491e-02
65 3 -8.31316543037948e-03
65 4 -3.58946178815179e-02
65 5 -2.55115667768170e-02
65 7 -1.56691424728529e-02
65 9 -9.69073843570603e-05
65 10 -1.42584689590019e-01
65 11 -5.68999655007572e-02
65 12 -3.64965254504764e-02
65 13 -9.73995516130905e-03
65 14 -2.61216964845144e-01
65 16 -9.06203054074765e-05
65 17 -8.09497902444595e-02
65 20 -4.72140010561321e-01
65 24 -5.73597721557646e-02
65 25 -6.32854047296475e-02
65 26 -8.64419925892796e-03
65 31 -6.48828710530635e-04
65 34 -1.73090923444819e-03
65 35 -1.73090923444819e-03
65 109 -1.47494927995886e-02
65 110 -9.12811826171663e-03
65 111 -1.13688934747364e-02
65 112 -5.78053114752141e-03
65 113 -3.97427873951484e-02
65 114 -7.85048406052264e-03
65 115 -1.06155084046456e-02
65 117 -1.24819157223651e-01
65 118 -5.34660471336896e-02
65 120 -8.39358981247969e-04
65 124 -6.61747086653050e-03
65 125 -7.39077492772983e-03
65 126 -6.77060367141500e-03
65 127 -1.54516927262361e-03
65 130 -1.16263386336348e-03
65 139 -2.92410576204809e-02
65 141 -1.09113335042998e-03
65 142 -1.37378256064056e-03
65 143 -3.15802466939224e-04
66 66 5.45939170772874e+00
66 47 -2.00279209302681e-02
66 48 -9.16298485093687e-03
66 50 -2.29586678187629e-04
66 51 -1.79516637628405e-03
66 52 -1.67071460051387e-02
66 53 -2.04132232964547e-01
66 54 -3.28180234636455e-02
66 56 -2.64420094485813e-04
66 57 -8.94166602055378e-03
66 59 -1.85631533338479e-03
66 60 -1.18903655249715e-01
66 61 -2.75980243721320e-02
66 64 -1.23424604016640e-03
66 65 -1.05497814740268e-01
66 67 -2.17405631625097e-01
66 68 -1.03958259555823e+00
66 69 -3.40480310101538e-03
66 72 -7.38706028479153e-05
66 73 -2.23795280167314e-01
66 74 -1.05658003383207e+00
66 80 -2.73648432949712e-05
66 81 -2.26709411391753e-02
66 82 -1.38852969399716e-05
66 84 -1.07703781354688e-04
66 90 -1.65819890617255e-03
66 0 -5.80750355057859e-03
66 3 -1.09474047722218e-03
66 4 -3.57322926376434e-03
66 5 -1.36286749845554e-02
66 7 -2.78525733376123e-02
66 9 -4.76954156286037e-05
66 10 -7.80693663612151e-03
66 11 -3.92320396053111e-01
66 12 -3.62450060241985e-02
66 13 -7.41565452063157e-04
66 14 -5.34704505958980e-02
66 16 -4.46010710068835e-05
66 17 -2.37019775937333e-03
66 20 -2.75764769000223e-02
66 24 -7.30315629262127e-04
66 25 -7.53916441666263e-02
66 26 -2.21506741275125e-04
66 31 -3.30933416479425e-03
66 109 -4.81831417015065e-05
66 110 -3.74269141803620e-03
66 114 -1.93694645028209e-03
66 117 -2.52210351749971e-05
66 125 -1.92188053706657e-05
66 127 -3.21582195367841e-05
66 130 -1.47749519998838e-05
66 139 -6.75205629356539e-05
66 141 -7.60588563825981e-06
66 142 -3.66888999841225e-05
67 67 5.66551872345227e+00
67 47 -1.21451756042368e-02
67 48 -1.54923168645060e-04
67 51 -1.50409929772463e-03
67 52 -8.69139679523935e-02
67 53 -2.44618166358284e-02
67 54 -2.93191521245560e-02
67 56 -9.25548403786623e-05
67 57 -3.22747524904685e-02
67 59 -6.68810176490404e-02
67 60 -1.15729089445780e+00
67 61 -1.94225546048352e-03
67 64 -5.48620412204612e-02
67 65 1.63556167596751e-02
67 66 -2.17405631625097e-01
67 68 -1.07147406845810e+00
67 69 -1.16457693844914e+00
67 72 -6.95630839813312e-03
67 73 -4.30961962201296e-01
67 74 -7.36371126514859e-02
67 75 -4.40587590832864e-02
67 79 -4.45297517981421e-04
67 80 -2.45564481818501e-02
67 81 -8.35869215552560e-02
67 82 -7.19095038875388e-02
67 83 -1.22345460462399e-03
67 84 -1.27536823531277e-01
67 86 -4.67922310590313e-04
67 87 -5.27995500240705e-03
67 88 -1.73165599410569e-03
67 89 -2.38868442491593e-02
67 90 -1.43553146272474e-02
67 92 -1.67023175893684e-03
67 93 -2.05957687692034e-02
67 96 -6.68115956734074e-03
67 98 -1.15859106449537e-04
67 108 -7.72940757197337e-04
67 5 -1.99941055168059e-02
67 7 -5.01942171096388e-03
67 10 -1.75007393152824e-02
67 11 -4.76782116143415e-02
67 12 -1.14303346903209e-02
67 14 -7.53087103255926e-02
67 17 -8.82718106071398e-05
67 20 -6.84066694815716e-02
67 24 -2.95846103958168e-03
67 25 -1.77987697785462e-02
67 31 -5.33184462609967e-04
67 35 -1.21962591521898e-04
67 109 -5.67242340479689e-03
67 110 -8.63417237383429e-03
67 112 -1.28970168274918e-03
67 113 -1.47087198866543e-02
67 114 -1.36718659882310e-02
67 115 -3.42545576582280e-03
67 117 -7.83961397555891e-02
67 118 -3.66405769059830e-02
67 120 -2.61659993498184e-03
67 124 -4.15466665710930e-03
67 125 -1.37169745520373e-02
67 126 -1.40452623517086e-02
67 127 -1.00757078297216e-02
67 130 -1.04239339698097e-02
67 133 -5.80344912855016e-04
67 139 -1.66375813066178e-02
67 141 -4.71332910392665e-03
67 142 -1.96946949727409e-03
67 143 -9.84475930943971e-04
68 68 5.45572560526965e+00
68 48 -4.58460480503753e-02
68 53 -8.17178019148064e-02
68 54 -5.17193561367717e-02
68 60 -2.05370818382390e-01
68 61 -3.70826776642007e-02
68 65 -1.27624798215570e-03
68 66 -1.03958259555823e+00
68 67 -1.07147406845810e+00
68 69 -2.33858154809757e-01
68 73 -7.05500382531113e-02
68 74 -1.87052528396039e-01
68 75 -3.35590754611893e-05
68 80 -1.17811528914192e-04
68 81 -3.09528877281516e-04
68 82 -5.57471829113024e-03
68 84 -6.91417863006713e-02
68 87 -6.66493702140779e-05
68 88 -1.56547065565434e-04
68 89 -1.28681877526632e-02
68 90 -8.40960582252707e-03
68 92 -2.59010002289756e-05
68 93 -8.47068866057055e-03
68 96 -1.61887252879724e-04
68 98 -5.93093880304971e-04
68 99 -7.99057786804102e-05
68 106 -4.12258182613126e-04
68 108 -1.06808952001271e-03
68 11 -4.05033978331179e-02
68 14 -7.09184944283174e-05
68 20 -1.18603149970376e-04
68 25 -3.31573966525976e-03
68 31 -1.67979442910759e-04
68 35 -4.61038631003655e-04
68 36 -1.02257730735799e-03
68 42 -1.30315556954662e-04
68 109 -2.49753470450923e-03
68 110 -4.43180875639323e-02
68 114 -3.49175818616693e-02
68 117 -2.28801809539178e-02
68 118 -8.69490431497524e-04
68 120 -7.28084353846266e-05
68 124 -1.00669287265372e-04
68 125 -3.29296661079748e-03
68 126 -1.65641941473735e-03
68 127 -9.70503998520723e-03
68 130 -4.19404583207282e-03
68 133 -8.98044657049656e-04
68 136 -1.56878579427042e-05
68 139 -3.57379471683115e-03
68 141 -9.01902176226606e-03
68 142 -2.80861142232768e-03
68 143 -2.73936230172503e-05
69 69 5.07666630885059e+00
69 47 -4.43740038652083e-04
69 48 -2.20762125183792e-02
69 51 -2.33746349458472e-03
69 52 -9.85940276276189e-03
69 53 -9.95904404035963e-03
69 54 -7.74039542110107e-02
69 56 -1.43835956149650e-04
69 57 -5.85833034794215e-03
69 59 -2.63832623858163e-02
69 60 -2.11126307168895e-01
69 61 -5.66001275293366e-01
69 64 -2.25194768317366e-02
69 65 -1.03598483910350e-01
69 66 -3.40480310101538e-03
69 67 -1.16457693844914e+00
69 68 -2.33858154809757e-01
69 72 -3.64530459439663e-03
69 73 -7.83572279014421e-02
69 74 -2.42865800658754e-02
69 75 -2.81910022284667e-02
69 76 -3.70908401906051e-06
69 80 -1.78347071779981e-02
69 81 -6.51696627813458e-03
69 82 -1.97483855409765e-02
69 84 -1.48384771993501e-01
69 87 -3.12919364687562e-03
69 88 -2.97942907074908e-03
69 89 -1.58319377143180e-02
69 90 -1.01239123290764e-02
69 92 -1.21605418181603e-03
69 93 -2.90763845592841e-02
69 96 -7.62491137769863e-03
69 98 -5.09314349889460e-04
