89 188 89 188
89 89 5.28016871939678e+00
89 90 -1.90857658822576e-01
89 93 -3.93650611874354e-01
89 94 -1.40289900212600e-02
89 99 -7.70370370370371e-02
89 100 -1.07407407407407e+00
89 101 -2.01341303960104e-01
89 103 -2.04612731849076e-01
89 104 -3.16780779448635e-02
89 110 -3.70370370370371e-02
89 115 -1.77873026884473e-02
89 118 -1.23074089542550e-02
89 0 -1.01317663817664e-02
89 4 -4.02006172839506e-02
89 7 -4.00000000000000e-02
89 8 -3.39822728711618e-01
89 9 -3.52707519952288e-01
89 15 -7.31208392088022e-02
89 18 -7.40740740740741e-02
89 23 -4.15263748597082e-02
89 24 -6.73400673400674e-03
89 190 -3.14208280144062e-02
89 195 -1.16622345550545e-02
89 198 -1.10686711189660e-02
90 90 5.44089576069858e+00
90 89 -1.90857658822576e-01
90 91 -1.05203703703704e+00
90 93 -1.65533666351267e-02
90 94 -1.88191706327577e-01
90 96 -7.61889621150807e-03
90 101 -3.68469314838115e-01
90 102 -5.20370370370371e-02
90 103 -3.69927788435296e-02
90 104 -3.67173361829412e-01
90 105 -5.07765830346476e-02
90 112 -2.27272727272728e-02
90 115 -3.45910584706978e-02
90 116 -3.10606060606061e-02
90 118 -2.65691962606140e-02
90 123 -2.00320512820513e-02
90 126 -1.87500000000000e-02
90 9 -1.89361092716972e-01
90 10 -1.05961640211640e+00
90 14 -1.80621693121693e-02
90 15 -9.11295494628829e-03
90 24 -7.23622750706083e-02
90 25 -1.28703703703704e-02
90 190 -3.84680690019871e-02
90 192 -9.46023146607855e-03
90 194 -9.79271849025579e-03
91 91 5.45310659137673e+00
91 90 -1.05203703703704e+00
91 94 -1.00000000000000e+00
91 95 -1.79320489844683e-01
91 101 -5.76936026936027e-02
91 102 -3.78667107067612e-01
91 104 -5.20370370370371e-02
91 105 -1.74708905814417e-01
91 112 -5.67676767676768e-02
91 116 -5.67676767676768e-02
91 1 -1.84281909597770e-02
91 2 -2.45570923420819e-02
91 4 -1.06729860834550e-02
91 10 -1.95228132052303e-01
91 13 -7.70812867826010e-03
91 14 -2.38044752551141e-02
91 15 -7.95301481561936e-03
91 19 -1.69719971373270e-02
91 24 -1.74444556501897e-01
91 25 -4.26724276088437e-02
91 27 -9.16182131952742e-03
91 30 -1.85867162263817e-02
92 92 5.35073862746415e+00
92 93 -2.29917662901270e-02
92 97 -2.08770134706197e-01
92 98 -6.60199407729470e-02
92 99 -3.47112717421273e-02
92 107 1.27475551921244e-02
92 108 -7.32469633384443e-02
92 109 -5.68410873110694e-02
92 113 -2.11794134522850e-01
92 114 -1.62239087971518e-02
92 117 -4.54184531293459e-02
92 119 -3.69931288505691e-03
92 120 -2.08934782196431e-02
92 137 -6.31272653779591e-03
92 140 -3.01902605494350e-02
92 3 -3.82128647214854e-02
92 5 -9.97382080973892e-02
92 6 -2.70668611459455e-02
92 7 -1.59602977667494e-02
92 16 -1.11459828059930e-01
92 21 -3.53430619559652e-03
92 189 -2.19956376825457e-01
92 191 -3.30650942305469e-02
92 196 -8.58728985862281e-02
92 247 -3.69576283706530e-02
93 93 5.22286902256771e+00
93 89 -3.93650611874354e-01
93 90 -1.65533666351267e-02
93 92 -2.29917662901270e-02
93 94 -1.09379166165252e-02
93 97 -3.31135702383950e-02
93 98 -6.66756087110295e-02
93 99 -2.19455435524386e-01
93 100 -7.37728020175685e-02
93 101 -1.93499496225823e-02
93 103 -4.28833337251094e-01
93 104 -3.29199229745640e-02
93 107 -4.38058229512828e-02
93 109 -9.52451626331277e-03
93 110 -8.10881919416541e-02
93 113 -2.09457641037819e-02
93 114 -2.35593753516805e-01
93 115 -3.17491069606073e-02
93 117 -3.45469706179674e-02
93 118 -3.38027301830836e-02
93 120 -2.67508474690068e-02
93 125 -2.04575240695754e-02
93 138 -8.60763287015876e-03
93 5 -1.55831265508685e-02
93 6 -2.89231010083383e-02
93 7 -5.73663824513754e-02
93 8 -2.05679012345679e-01
93 9 -7.22626893282460e-03
93 18 -7.37728020175685e-02
93 22 -7.31538992408559e-03
93 189 -2.98354337688365e-02
93 190 -4.28163181758875e-02
93 191 -3.88971273509479e-02
93 192 -9.42256703814605e-03
93 195 -8.62067298398907e-02
93 197 -5.35032752997264e-02
93 198 -7.12977697602615e-02
93 200 -7.93963560147136e-03
93 245 -2.84348864994026e-03
93 246 -1.19759509769916e-02
94 94 5.63771395982758e+00
94 89 -1.40289900212600e-02
94 90 -1.88191706327577e-01
94 91 -1.00000000000000e+00
94 93 -1.09379166165252e-02
94 95 -1.00000000000000e+00
94 96 -2.22174191621382e-01
94 101 -1.48401411668841e-02
94 103 -2.72936747828973e-02
94 104 -2.05005319844822e-01
94 105 -1.05528673835125e+00
94 115 -1.21499320042504e-02
94 118 -8.45240509237958e-02
94 9 -6.41692681234825e-03
94 190 -4.71814145475510e-02
94 192 -2.93592071121431e-02
94 193 -1.20298887659276e-02
94 194 -6.60536725963366e-02
94 199 -4.97442680776014e-03
94 202 -4.55731922398589e-03
94 248 -5.78369460089890e-03
95 95 5.82311267921147e+00
95 91 -1.79320489844683e-01
95 94 -1.00000000000000e+00
95 96 -1.00000000000000e+00
95 102 -1.79320489844683e-01
95 106 -1.00000000000000e+00
95 2 -7.56048387096774e-03
95 10 -8.03614097968937e-03
95 14 -4.71475507765830e-03
95 25 -8.31802568697730e-03
96 96 5.49569998176418e+00
96 90 -7.61889621150807e-03
96 94 -2.22174191621382e-01
96 95 -1.00000000000000e+00
96 103 -1.62091113616218e-02
96 104 -6.13367050186553e-02
96 105 -4.72240890083631e-02
96 106 -2.12618644630293e-01
96 112 -7.39247311827957e-03
96 115 -8.77489650377051e-03
96 116 -5.16670815080314e-02
96 118 2.07956096286948e-03
96 128 -1.63466805961603e-02
96 129 -6.35394035827613e-02
96 190 -5.94338532002966e-02
96 192 -7.06806499558624e-02
96 193 -2.01162346504872e-01
96 194 -3.45263920642415e-01
96 199 -3.29750112561565e-02
96 202 -2.75351098790514e-02
96 206 -2.91546687661846e-03
96 248 -1.28362876155974e-02
97 97 5.22326999288163e+00
97 92 -2.08770134706197e-01
97 93 -3.31135702383950e-02
97 98 -1.11181499205693e+00
97 99 -2.02855196333458e-02
97 107 -1.63562737197513e-01
97 108 -1.88161404737294e-01
97 109 -1.06449074074074e+00
97 113 -1.22217411728674e-01
97 114 -1.23936047849092e-02
97 117 -2.92264780308259e-02
97 120 -2.31216931216931e-02
97 140 -2.11904761904762e-02
97 3 -2.62896851334236e-02
97 5 -3.78303405106290e-01
97 6 -5.13647642679901e-02
97 11 -1.50736402685327e-02
97 12 -2.13847026975241e-02
97 16 -3.80133960241088e-01
97 17 -1.78364197530864e-01
97 20 -1.79862320077374e-01
97 28 -1.22323391982111e-02
97 189 -4.45649803992407e-02
97 196 -4.57281753388539e-02
97 247 -6.94444444444445e-03
98 98 5.43754929094298e+00
98 92 -6.60199407729470e-02
98 93 -6.66756087110295e-02
98 97 -1.11181499205693e+00
98 99 -1.16762995985366e+00
98 107 -3.09904205704573e-01
98 109 -1.87311043652826e-01
98 110 -5.11243386243387e-02
98 113 -5.69089238642490e-02
98 114 -3.80325833413725e-02
98 117 -6.33212583953957e-02
98 120 -2.40746403579353e-01
98 140 -2.90890967498111e-02
98 5 -4.91315136476427e-02
98 6 -1.66274108209592e-01
98 7 -5.10967741935484e-02
98 17 -1.00000000000000e+00
98 21 -1.76538780386707e-01
98 22 -5.11243386243387e-02
98 189 -1.13851312290438e-02
98 191 -1.18822985316222e-02
98 196 -8.78512639623752e-03
98 201 -1.08295120517343e-02
99 99 5.03890339234970e+00
99 89 -7.70370370370371e-02
99 92 -3.47112717421273e-02
99 93 -2.19455435524386e-01
99 97 -2.02855196333458e-02
99 98 -1.16762995985366e+00
99 100 -1.83159778135624e-01
99 103 -1.03014552394585e-01
99 107 -1.70176549111834e-01
99 109 -6.22095698182655e-02
99 110 -3.50649713723385e-01
99 113 -2.51207729468599e-02
99 114 -1.80264533813613e-01
99 117 -1.69080974053746e-01
99 120 -5.37166436622956e-02
99 121 -5.20970575318402e-02
99 131 -5.48007246376812e-02
99 138 -1.33124725516030e-02
99 0 -1.72316094896740e-02
99 6 -5.33354910634013e-02
99 7 -3.60301449275362e-01
99 8 -7.96011396011397e-02
99 12 -2.09529381757058e-02
99 15 -1.16184896346187e-02
99 17 -1.78376543209877e-01
99 18 -3.63179406058477e-01
99 21 -5.18633540372671e-02
99 22 -3.47102156103208e-01
99 26 -4.80207088809240e-03
99 29 -1.12193961476336e-02
99 34 -4.71014492753624e-02
99 191 -2.76395715185886e-02
99 195 -2.28347608267793e-02
99 198 -1.87564859545536e-02
100 100 5.64995296884186e+00
100 89 -1.07407407407407e+00
100 93 -7.37728020175685e-02
100 99 -1.83159778135624e-01
100 101 -1.04545454545455e+00
100 103 -1.04375759357241e+00
100 107 -1.19982278114323e-02
100 110 -1.64609053497942e-01
100 111 -1.00000000000000e+00
100 114 -4.62654107984221e-02
100 117 -1.07605926607537e-02
100 8 -7.40740740740741e-02
100 9 -8.24915824915825e-02
100 15 -2.04264870931538e-01
100 18 -3.31275720164609e-01
100 23 -1.86868686868687e-01
100 24 -3.03030303030303e-02
101 101 5.08098705110420e+00
101 89 -2.01341303960104e-01
101 90 -3.68469314838115e-01
101 91 -5.76936026936027e-02
101 93 -1.93499496225823e-02
101 94 -1.48401411668841e-02
101 100 -1.04545454545455e+00
101 102 -5.76936026936027e-02
101 103 -2.08575529192291e-01
101 104 -3.97199887039088e-01
101 105 -5.09048821548822e-02
101 111 -1.80423764269918e-01
101 112 -3.32167832167833e-02
101 115 -3.87196634155243e-01
101 116 -4.92424242424243e-02
101 118 -3.88959820703592e-02
101 123 -2.23203131367467e-01
101 126 -3.69902319902320e-02
101 134 -2.00320512820513e-02
101 1 -1.24684343434344e-02
101 4 -6.53468445135112e-02
101 9 -3.58671476779981e-01
101 10 -1.23930976430977e-01
101 13 -8.13628809462144e-02
101 14 -3.95917508417509e-02
101 15 -6.60759498638286e-02
101 18 -4.54545454545455e-02
101 23 -1.22530903439994e-01
101 24 -2.50386858619667e-01
101 25 -1.98905723905724e-02
101 30 -5.46556571935360e-02
101 41 -2.28862047043866e-02
101 190 -4.12233551788414e-02
101 192 -8.85433126501459e-03
101 194 -4.52314814814815e-03
101 195 -6.59259259259260e-03
101 198 -1.21494708994709e-02
101 249 -5.69444444444445e-03
102 102 5.44022692757845e+00
102 90 -5.20370370370371e-02
102 91 -3.78667107067612e-01
102 95 -1.79320489844683e-01
102 101 -5.76936026936027e-02
102 104 -5.20370370370371e-02
102 105 -1.74708905814417e-01
102 106 -1.00000000000000e+00
102 112 -1.05676767676768e+00
102 116 -5.67676767676768e-02
102 1 -1.35264682172634e-02
102 2 -2.45570923420819e-02
102 10 -3.69163426354149e-02
102 13 -6.08726049825214e-03
102 14 -2.21443989457141e-02
102 15 -6.94146563202717e-03
102 19 -1.67602192824690e-02
102 24 -1.74539339456895e-01
102 25 -1.96340134858237e-01
102 27 -1.31622838007391e-02
102 30 -2.09932115180660e-02
103 103 5.17775540799547e+00
103 89 -2.04612731849076e-01
103 90 -3.69927788435296e-02
103 93 -4.28833337251094e-01
103 94 -2.72936747828973e-02
103 96 -1.62091113616218e-02
103 99 -1.03014552394585e-01
103 100 -1.04375759357241e+00
103 101 -2.08575529192291e-01
103 104 -2.30482530323529e-01
103 107 -9.03646987382344e-02
103 110 -4.37575935724084e-02
103 111 -1.84916605033092e-01
103 114 -4.16440939309020e-01
103 115 -4.07629685285920e-01
103 117 -8.08107695923868e-02
103 118 -8.53361764628729e-02
103 125 -2.28171237755689e-01
103 138 -2.13201499118166e-02
103 9 -1.50880641307280e-02
103 18 -4.37575935724084e-02
103 190 1.51025885194456e-02
103 191 -7.25233928305784e-02
103 192 -5.93905819354245e-02
103 194 -2.20809670781893e-02
103 195 -5.00698663417418e-02
103 197 -2.27352196917415e-02
103 198 -5.23329574566517e-02
103 200 -2.34271751910641e-02
103 203 -7.80891975308643e-02
103 205 -1.21708847736626e-02
103 246 -1.66459937565036e-02
103 249 -8.74477366255145e-02
103 251 -3.36689300411523e-02
104 104 5.06620394146776e+00
104 89 -3.16780779448635e-02
104 90 -3.67173361829412e-01
104 91 -5.20370370370371e-02
104 93 -3.29199229745640e-02
104 94 -2.05005319844822e-01
104 96 -6.13367050186553e-02
104 101 -3.97199887039088e-01
104 102 -5.20370370370371e-02
104 103 -2.30482530323529e-01
104 105 -1.11178208738693e+00
104 111 -1.88015194681862e-02
104 112 -3.18181818181819e-02
104 115 -4.01252039652494e-01
104 116 -2.08674148896371e-01
104 118 -4.23748616334999e-01
104 123 -3.71780626780627e-02
104 125 -1.16767489711934e-02
104 126 -1.97342151675485e-01
104 134 -1.87500000000000e-02
104 9 -2.49328901722242e-02
104 10 -5.96164021164022e-02
104 14 -1.80621693121693e-02
104 15 -9.11295494628829e-03
104 24 -1.40077892786226e-01
104 25 -1.28703703703704e-02
104 190 -6.21307323659157e-02
104 192 -2.71761069202029e-02
104 193 -1.13965855917527e-02
104 194 -6.89074117355220e-02
104 195 -2.65004115226338e-02
104 198 -4.13916225749559e-02
104 199 -1.24446208112875e-02
104 202 -2.07410346854791e-02
104 203 -2.21638888888889e-02
104 248 -8.50852439741329e-03
104 249 -4.52434156378601e-02
105 105 5.61162706996862e+00
105 90 -5.07765830346476e-02
105 91 -1.74708905814417e-01
105 94 -1.05528673835125e+00
105 96 -4.72240890083631e-02
105 101 -5.09048821548822e-02
105 102 -1.74708905814417e-01
105 104 -1.11178208738693e+00
105 106 -1.04764038231780e+00
105 112 -5.31932225480613e-02
105 115 -5.62500000000001e-03
105 116 -1.10383539698056e+00
105 118 -7.37542136030038e-02
105 129 -6.46697388632873e-02
105 2 -5.68623058542414e-03
105 10 -8.03959601562648e-03
105 14 -7.12958221918796e-03
105 24 -1.37445397537990e-01
105 25 -9.76647394322125e-03
105 30 -6.06212032137958e-03
105 190 -4.82647422768391e-02
105 192 -4.73440433521079e-02
105 193 -1.39358252261478e-02
105 194 -7.27727641235706e-02
105 199 -2.46300563236047e-02
105 202 -2.02910052910053e-02
105 248 -5.42328042328043e-03
106 106 5.64251976403670e+00
106 95 -1.00000000000000e+00
106 96 -2.12618644630293e-01
106 102 -1.00000000000000e+00
106 105 -1.04764038231780e+00
106 112 -1.77419354838710e-01
106 116 -1.89101287667596e-01
106 118 -6.11185782556751e-02
106 128 -1.90057755094175e-01
106 129 -2.86967756617427e-02
106 194 -2.38016651464738e-01
106 199 -1.59470985115568e-02
106 202 -8.31903373237632e-03
106 206 -4.48533365633609e-03
107 107 5.82635508895787e+00
107 92 1.27475551921245e-02
107 93 -4.38058229512828e-02
107 97 -1.63562737197513e-01
107 98 -3.09904205704573e-01
107 99 -1.70176549111834e-01
107 100 -1.19982278114323e-02
107 103 -9.03646987382344e-02
107 108 -1.42318625633420e-02
107 109 -1.25181427525668e-01
107 110 -3.69292146989410e-02
107 113 -7.07100583124909e-02
107 114 -7.05805765414006e-02
107 115 -6.31639231824417e-03
107 117 -5.29510817498020e-01
107 118 -6.70274348422497e-03
107 119 -2.52225384083568e-02
107 120 -1.30392755810869e-01
107 121 -1.28676690331625e-02
107 125 -1.75234238714110e-02
107 131 -2.38715306305024e-02
107 137 -4.74682274795814e-02
107 138 -3.28341666691563e-02
107 140 -2.11198972689417e-01
107 142 -1.01586461745192e-02
107 148 -2.93441709480357e-02
107 5 -4.01916184174249e-02
107 6 -1.09485843933657e-02
107 7 -3.66895077806719e-02
107 16 -1.42318625633420e-02
107 18 -1.19982278114323e-02
107 21 -2.21257854325376e-02
107 22 -2.49309868875087e-02
107 32 -9.75850340136055e-03
107 34 -5.86118505373164e-03
107 189 -2.26178456297305e-02
107 190 -7.08250865988622e-02
107 191 1.65147497831818e-02
107 195 -1.21232379388623e-01
107 196 -2.65913035365955e-01
107 197 -2.01897714471375e-01
107 198 -1.17202557378056e-01
107 200 -1.47499304756793e-01
107 201 -4.34397245995416e-03
107 204 -2.95291539735984e-02
107 211 -1.20235423013201e-02
107 245 -3.67557697044645e-02
107 247 -2.45789355384423e-01
107 250 -6.29123516605986e-02
108 108 5.65002700453621e+00
108 92 -7.32469633384443e-02
108 97 -1.88161404737294e-01
108 107 -1.42318625633420e-02
108 109 -1.00000000000000e+00
108 113 -1.04553516252626e+00
108 119 -1.00000000000000e+00
108 3 -1.29865390312183e-02
108 5 -1.53856985308598e-02
108 11 -1.44623564151833e-02
108 12 -5.40418152914194e-03
108 16 -3.55985749503611e-01
108 20 -1.79432432779641e-01
108 28 -1.82044371425715e-02
108 31 -1.78723696381085e-01
108 189 -4.26399703374120e-03
108 196 -4.82017055988135e-03
109 109 5.45073727124462e+00
109 92 -5.68410873110694e-02
109 93 -9.52451626331277e-03
109 97 -1.06449074074074e+00
109 98 -1.87311043652826e-01
109 99 -6.22095698182655e-02
109 107 -1.25181427525668e-01
109 108 -1.00000000000000e+00
109 110 -5.17195767195768e-02
109 113 -2.29186696968712e-01
109 114 -1.60626304950322e-02
109 117 -3.95700704919649e-02
109 119 -1.92281203520835e-01
109 120 -4.71724923459844e-01
109 130 -5.73304473304474e-02
109 131 -1.31132212144117e-02
109 137 -2.85861910992991e-02
109 138 -1.12555429579239e-02
109 140 -5.48419701612226e-02
109 142 -5.88200271803447e-02
109 148 -1.62318090199043e-02
109 20 -1.00000000000000e+00
109 21 -1.78330309901738e-01
109 22 -5.17195767195768e-02
109 32 -1.77711262282691e-01
109 38 -5.73304473304474e-02
109 189 -1.22018471108077e-02
109 196 -2.94989010259620e-02
109 197 -1.34776334776335e-02
109 200 -3.05306290417402e-02
109 201 -4.84010421677089e-02
109 247 -9.77072310405644e-03
110 110 5.44027667030359e+00
110 89 -3.70370370370371e-02
110 93 -8.10881919416541e-02
110 98 -5.11243386243387e-02
110 99 -3.50649713723385e-01
110 100 -1.64609053497942e-01
110 103 -4.37575935724084e-02
110 107 -3.69292146989410e-02
110 109 -5.17195767195768e-02
110 111 -1.00000000000000e+00
110 114 -1.11018498960931e+00
110 117 -8.75646320191410e-02
110 120 -1.94378306878304e-02
110 121 -1.04852092352092e+00
110 131 -5.02976190476191e-02
110 0 -5.09010901484020e-03
110 8 -3.83190883190883e-02
110 12 -6.27226538633739e-03
110 15 -1.87892186467455e-02
110 18 -3.44505224630673e-01
110 21 -4.66873706004141e-02
110 22 -3.36146171132730e-01
110 23 -1.81473232064630e-01
110 26 -1.81371963361211e-02
110 29 -1.64561878047152e-02
110 34 -4.52380952380953e-02
110 35 -1.80019400352734e-01
110 36 -4.27130625248905e-03
111 111 5.59376521219235e+00
111 100 -1.00000000000000e+00
111 101 -1.80423764269918e-01
111 103 -1.84916605033092e-01
111 104 -1.88015194681862e-02
111 110 -1.00000000000000e+00
111 114 -1.80334803057025e-01
111 115 -3.49393892906713e-01
111 116 -1.81818181818182e-02
111 117 -8.41328630217519e-03
111 118 -1.98863112196446e-02
111 122 -1.00000000000000e+00
111 123 -1.80423764269918e-01
111 125 -1.84733245149912e-01
111 126 -1.85510785510786e-02
111 13 -6.43162393162394e-03
111 15 -1.16608391608392e-02
111 23 -1.05703962703963e+00
111 24 -1.08332137947523e-01
111 30 -1.48659673659674e-02
111 190 -9.21963361210674e-03
111 195 -5.48148148148148e-03
111 198 -2.34973544973545e-02
111 203 -8.99118165784833e-03
112 112 5.65243067250635e+00
112 90 -2.27272727272728e-02
112 91 -5.67676767676768e-02
112 96 -7.39247311827957e-03
112 101 -3.32167832167833e-02
112 102 -1.05676767676768e+00
112 104 -3.18181818181819e-02
112 105 -5.31932225480613e-02
112 106 -1.77419354838710e-01
112 115 -1.95804195804196e-02
112 116 -3.35927703229756e-01
112 118 -1.93806342999892e-02
112 123 -3.32167832167833e-02
112 124 -1.05575757575758e+00
112 126 -3.18181818181819e-02
112 127 -5.05050505050505e-02
112 128 -1.78715953950085e-01
112 129 -1.49744809474258e-02
112 134 -2.27272727272728e-02
112 135 -5.66233766233767e-02
112 10 -1.35353535353535e-02
112 14 -2.00505050505051e-02
112 19 -5.28499278499279e-03
112 24 2.49512860876501e-02
112 25 -1.08031746031746e+00
112 27 -1.41414141414142e-02
112 30 -2.20707070707071e-02
112 194 -1.61315373646279e-02
112 199 -8.31120030391623e-03
113 113 5.24309416294520e+00
113 92 -2.11794134522850e-01
113 93 -2.09457641037819e-02
113 97 -1.22217411728674e-01
113 98 -5.69089238642490e-02
113 99 -2.51207729468599e-02
113 107 -7.07100583124909e-02
113 108 -1.04553516252626e+00
113 109 -2.29186696968712e-01
113 114 -1.83632982359000e-02
113 117 -5.44957535631905e-02
113 119 -2.06800140081469e-01
113 120 -6.90887992646826e-02
113 130 -1.40548340548341e-02
113 131 -1.32930629041740e-02
113 137 -2.19842178048363e-01
113 138 -1.12922917764188e-02
113 140 -9.67235540274100e-02
113 142 -2.38794147063989e-02
113 148 -1.71077265474091e-02
113 16 -4.55351625262638e-02
113 21 -9.73356009070295e-03
113 32 -1.39180077048741e-02
113 38 -1.40548340548341e-02
113 189 -7.24171806264419e-02
113 196 -2.69072363933562e-01
113 197 -2.03607503607504e-02
113 200 -4.64180445865034e-02
113 201 -9.06702755661711e-02
113 207 -1.24149777843847e-02
113 247 -3.85185208125722e-02
114 114 5.00002090426673e+00
114 92 -1.62239087971518e-02
114 93 -2.35593753516805e-01
114 97 -1.23936047849092e-02
114 98 -3.80325833413725e-02
114 99 -1.80264533813613e-01
114 100 -4.62654107984221e-02
114 103 -4.16440939309020e-01
114 107 -7.05805765414006e-02
114 109 -1.60626304950322e-02
114 110 -1.11018498960931e+00
114 111 -1.80334803057025e-01
114 113 -1.83632982359001e-02
114 115 -2.06165091612777e-01
114 117 -4.27226786439804e-01
114 118 -3.33418444332466e-02
114 120 -1.01593727508082e-01
114 121 -2.04503103418785e-01
114 125 -4.10705030762625e-01
114 131 -3.25101414254278e-02
114 138 -2.37421897198849e-01
114 140 -6.06777380761508e-02
114 148 -3.11829842566673e-02
114 160 -7.56966210352454e-03
114 18 -4.62654107984221e-02
114 21 -6.67258506388941e-03
114 22 -6.39195788108832e-02
114 34 -1.23501384743621e-02
114 190 -5.89175994671067e-02
114 191 -3.31551608604918e-02
114 195 -4.35855624050051e-02
114 196 -6.51205173427396e-03
114 197 -1.98735032383426e-02
114 198 -2.65710214273316e-01
114 200 -6.45673319820114e-02
114 201 -1.59000267222490e-02
114 203 -5.41620601326951e-02
114 204 -2.30695404536675e-02
114 205 -2.38480053749895e-02
114 249 -1.03518518518519e-02
114 251 -1.84174603174603e-02
114 254 -8.61452926849753e-03
115 115 4.92215343439208e+00
115 89 -1.77873026884473e-02
115 90 -3.45910584706978e-02
115 93 -3.17491069606073e-02
115 94 -1.21499320042504e-02
115 96 -8.77489650377052e-03
115 101 -3.87196634155243e-01
115 103 -4.07629685285920e-01
115 104 -4.01252039652493e-01
115 105 -5.62500000000001e-03
115 107 -6.31639231824417e-03
115 111 -3.49393892906713e-01
115 112 -1.95804195804196e-02
115 114 -2.06165091612777e-01
115 116 -1.95003179947624e-01
115 117 -2.59884528708603e-02
115 118 -3.96802123393392e-01
115 123 -3.87670770178961e-01
115 125 -4.07571537984192e-01
115 126 -4.04498780883040e-01
115 129 -3.15448265726044e-02
115 133 -2.07383075315174e-02
115 134 -3.48969346839717e-02
115 138 -3.67008769351362e-02
115 139 -1.48664951989026e-02
115 145 -1.81526912273826e-02
115 149 -3.61322945801341e-02
115 160 -1.98421310399706e-02
115 9 -1.73174674787578e-02
115 13 -6.43162393162394e-03
115 15 -1.16608391608392e-02
115 23 -5.70396270396271e-02
115 24 -1.76047755663140e-01
115 30 -1.48659673659674e-02
115 41 -1.75450660450661e-02
115 190 -7.19543213623498e-02
115 192 -4.24195640564007e-02
115 194 -2.09852807172252e-02
115 195 -6.17127572016461e-02
115 198 -7.86543062904175e-02
115 199 -6.47251616696062e-03
115 200 -2.41743827160494e-02
115 202 -4.19428277483833e-02
115 203 -8.83130829903980e-02
115 205 -3.27849149193285e-02
115 214 -5.63249314128944e-03
115 249 -3.55568342151676e-02
115 251 -4.40256907701352e-02
115 253 -4.27586713697825e-03
116 116 5.28823609828906e+00
116 90 -3.10606060606061e-02
116 91 -5.67676767676768e-02
116 96 -5.16670815080314e-02
116 101 -4.92424242424243e-02
116 102 -5.67676767676768e-02
116 104 -2.08674148896371e-01
116 105 -1.10383539698056e+00
116 106 -1.89101287667596e-01
116 111 -1.81818181818182e-02
116 112 -3.35927703229756e-01
116 115 -1.95003179947624e-01
116 118 -4.16288394915187e-01
116 123 -4.92424242424243e-02
116 124 -5.57575757575758e-02
116 126 -2.08273208273208e-01
116 127 -1.05050505050505e+00
116 128 -1.92682748900231e-01
116 129 -2.04270095298047e-01
116 134 -3.10606060606061e-02
116 135 -5.66233766233767e-02
116 10 -1.35353535353535e-02
116 14 -2.00505050505051e-02
116 19 -5.28499278499279e-03
116 24 -4.27643316279677e-02
116 25 -8.03174603174604e-02
116 27 -1.41414141414142e-02
116 30 -2.20707070707071e-02
116 190 -6.74047524226736e-03
116 192 -1.43819195539626e-02
116 194 -8.06520766385202e-02
116 199 -2.54942272434468e-02
116 202 -2.47104324688728e-02
116 203 -8.96942974720753e-03
116 206 -9.66358957606501e-03
116 248 -5.65035273368607e-03
116 249 -9.82304526748972e-03
117 117 5.03030757361585e+00
117 92 -4.54184531293459e-02
117 93 -3.45469706179675e-02
117 97 -2.92264780308259e-02
117 98 -6.33212583953956e-02
117 99 -1.69080974053746e-01
117 100 -1.07605926607537e-02
117 103 -8.08107695923868e-02
117 107 -5.29510817498020e-01
117 109 -3.95700704919649e-02
117 110 -8.75646320191410e-02
117 111 -8.41328630217519e-03
117 113 -5.44957535631906e-02
117 114 -4.27226786439804e-01
117 115 -2.59884528708603e-02
117 118 -2.29023865513284e-02
117 119 -1.80747767337629e-02
117 120 -1.23269652886285e-01
117 121 -4.67412454125172e-02
117 125 -7.29138383660840e-02
117 131 -5.03754627015497e-02
117 137 -4.34920012058261e-02
117 138 -8.91922935584051e-02
117 140 -1.07537995189749e-01
117 142 -2.72163164143323e-02
117 148 -6.65170129272614e-02
117 160 -1.39801671285798e-02
117 169 -6.59175084175085e-03
117 170 -5.96340197133848e-03
117 21 -1.46611650369414e-02
117 22 -7.68040393583873e-02
117 34 -1.57323725274036e-02
117 189 -2.03077030650392e-02
117 190 -5.86729074713351e-02
117 191 -7.28906203359122e-02
117 195 -8.73060461929823e-02
117 196 -4.15852515598036e-02
117 197 -1.14773485525300e+00
117 198 -2.61169469031671e-01
117 200 -2.37279887837321e-01
117 201 -1.54437913526803e-01
117 203 -5.72730053749895e-02
117 204 -5.57271410247601e-02
117 205 -3.70108045687411e-02
117 211 -1.67264403292181e-02
117 213 -1.09340807928110e-02
117 247 -1.06349206349206e-02
117 249 -6.90123456790124e-03
117 251 -1.72352733686067e-02
117 254 -1.83709918535316e-02
118 118 5.19711300054585e+00
118 89 -1.23074089542550e-02
118 90 -2.65691962606140e-02
118 93 -3.38027301830836e-02
118 94 -8.45240509237958e-02
118 96 2.07956096286951e-03
118 101 -3.88959820703592e-02
118 103 -8.53361764628729e-02
118 104 -4.23748616334999e-01
118 105 -7.37542136030038e-02
118 106 -6.11185782556751e-02
118 107 -6.70274348422497e-03
118 111 -1.98863112196446e-02
118 112 -1.93806342999892e-02
118 114 -3.33418444332466e-02
118 115 -3.96802123393392e-01
118 116 -4.16288394915187e-01
118 117 -2.29023865513284e-02
118 123 -3.75366639533306e-02
118 125 -8.45820315780634e-02
118 126 -4.00737402368355e-01
118 128 -3.20566646321688e-02
118 129 -4.89290098141362e-01
118 133 -1.31337448559671e-02
118 134 -2.26604938271605e-02
118 138 -3.40082010582011e-02
118 139 -3.77898988754943e-02
118 145 -1.29518518518519e-02
118 149 -4.81646384479718e-02
118 150 -4.69890349480063e-03
118 158 -6.37125220458554e-03
118 160 -1.78430629041740e-02
118 24 -6.77156177156178e-02
118 190 -1.09014317439409e-01
118 192 -1.15124486026024e-01
118 193 -5.78855167829905e-02
118 194 1.64208491442788e-02
118 195 -1.39362962962963e-01
118 198 -1.19739644746788e-01
118 199 -8.65683603358740e-02
118 200 -3.24713403880071e-02
118 202 -1.37953537450360e-01
118 203 -1.58219675401025e-01
118 205 -4.47517783656673e-02
118 206 -6.74130329075658e-02
118 214 -1.79541005291005e-02
118 222 -8.78777189888302e-03
118 248 -9.76417643321766e-02
118 249 -1.48184677893459e-01
118 251 -1.20224170655917e-01
118 253 -4.11027655187922e-02
118 257 -6.03193919543126e-02
119 119 5.59681965334931e+00
119 92 -3.69931288505690e-03
119 107 -2.52225384083568e-02
119 108 -1.00000000000000e+00
119 109 -1.92281203520835e-01
119 113 -2.06800140081469e-01
119 117 -1.80747767337629e-02
119 120 -2.42509202182013e-01
119 130 -1.05324675324675e+00
119 137 -2.01636552296951e-01
119 140 -5.45712948608742e-02
119 142 -4.99459905174191e-02
119 31 -1.00000000000000e+00
119 32 -1.77561992538951e-01
119 38 -5.32467532467533e-02
119 196 -3.03353484300415e-02
119 200 -1.07484289903645e-02
119 201 -1.33053367028393e-02
119 207 -4.90064912541500e-03
120 120 5.39628669829075e+00
120 92 -2.08934782196431e-02
120 93 -2.67508474690068e-02
120 97 -2.31216931216931e-02
120 98 -2.40746403579353e-01
120 99 -5.37166436622957e-02
120 107 -1.30392755810869e-01
120 109 -4.71724923459844e-01
120 110 -1.94378306878305e-02
120 113 -6.90887992646826e-02
120 114 -1.01593727508082e-01
120 117 -1.23269652886285e-01
120 119 -2.42509202182013e-01
120 121 -2.49284106369821e-01
120 125 -3.21268673125816e-02
120 130 -2.16725698543879e-02
120 131 -4.85568808836666e-01
120 137 -9.56770332306559e-02
120 138 -8.64969399207495e-02
120 140 -1.24770106035608e-01
120 141 -6.72106141436715e-02
120 142 -1.24646903411911e-01
120 148 -8.85778228238547e-02
120 151 -1.80704561139344e-02
120 159 -4.51260916038694e-02
120 165 -2.68687239644797e-02
120 169 -9.91543553448316e-03
120 21 -2.26349584278156e-01
120 22 -1.94378306878305e-02
120 32 -2.21357589500447e-01
120 33 -1.00000000000000e+00
120 34 -2.26374149659864e-01
120 38 -2.16725698543879e-02
120 39 -2.22579665704666e-01
120 47 -4.69586415935623e-02
120 196 -8.14769035292333e-02
120 197 -2.17243867243867e-02
120 198 -1.37627446040145e-02
120 200 -6.57118005451340e-02
120 201 -6.03152316818984e-02
120 204 -6.24504745107920e-02
120 211 -1.87280465272529e-02
121 121 5.56988548228197e+00
121 99 -5.20970575318402e-02
121 107 -1.28676690331625e-02
121 110 -1.04852092352092e+00
121 114 -2.04503103418785e-01
121 117 -4.67412454125172e-02
121 120 -2.49284106369821e-01
121 122 -1.00000000000000e+00
121 125 -1.95826332173518e-01
121 131 -1.93474598593646e-01
121 132 -1.00000000000000e+00
121 138 -2.11943284768249e-01
121 140 -2.45988043702330e-02
121 148 -2.17574249677424e-02
121 22 -4.85209235209236e-02
121 34 -1.77702329416615e-01
121 35 -1.00000000000000e+00
121 198 -2.09447238828191e-02
121 200 -3.64887110644687e-02
121 203 -1.15179012345679e-02
121 204 -1.17841109507776e-02
122 122 5.81271419089340e+00
122 111 -1.00000000000000e+00
122 121 -1.00000000000000e+00
122 123 -1.05070707070707e+00
122 125 -1.00000000000000e+00
122 133 -1.04648148148148e+00
122 13 -8.58417629098633e-03
122 15 -8.15807020538204e-03
122 23 -2.08987122634434e-01
122 24 -2.58961466517022e-02
122 26 -1.35779522482032e-02
122 29 -6.88865373309818e-03
122 30 -3.35345526774232e-02
122 35 -2.20386596119930e-01
122 36 -9.40880844779864e-03
122 41 -1.02212706777924e-01
122 44 -7.73444545861564e-03
122 48 -4.89935587761675e-02
123 123 5.06242672899850e+00
123 90 -2.00320512820513e-02
123 101 -2.23203131367467e-01
123 104 -3.71780626780627e-02
123 111 -1.80423764269918e-01
123 112 -3.32167832167833e-02
123 115 -3.87670770178961e-01
123 116 -4.92424242424243e-02
123 118 -3.75366639533306e-02
123 122 -1.05070707070707e+00
123 124 -5.62626262626263e-02
123 125 -2.11147152002090e-01
123 126 -3.98574081953712e-01
123 127 -4.88215488215489e-02
123 129 -1.33827160493827e-02
123 133 -2.06034744861905e-01
123 134 -3.92906361159728e-01
123 135 -5.74891774891775e-02
123 138 -2.36355575151872e-02
123 139 -1.69482167352538e-02
123 145 -1.94766248611928e-01
123 149 -4.24383354414219e-02
123 160 -1.78244719386695e-02
123 9 -2.28862047043866e-02
123 13 -2.67167330877009e-02
123 15 -4.06185985731441e-02
123 23 -1.08288479197570e-01
123 24 -2.51442554467030e-01
123 25 -1.88888888888889e-02
123 26 -1.58325187357446e-02
123 27 -1.50361138264364e-02
123 30 -1.78623482806831e-01
123 35 -6.90404040404041e-02
123 36 -3.53068047738455e-02
123 41 -3.95928485217023e-01
123 44 -1.42171059422112e-02
123 48 -1.21866816311261e-02
123 50 -3.28426035244217e-02
123 190 -4.72685185185185e-03
123 198 -1.22698412698413e-02
123 202 -5.69576719576720e-03
123 203 -5.33048696844994e-02
123 205 -1.56984208635443e-02
123 249 -4.88095238095238e-03
124 124 5.63681959587522e+00
124 112 -1.05575757575758e+00
124 116 -5.57575757575758e-02
124 123 -5.62626262626263e-02
124 126 -5.11111111111112e-02
124 127 -1.73830005120328e-01
124 128 -1.00000000000000e+00
124 134 -6.14141414141415e-02
124 135 -1.83451770576809e-01
124 136 -1.05441228878648e+00
124 14 -1.50392301523068e-02
124 19 -1.62041864709039e-02
124 24 -1.62617105367182e-01
124 25 -1.91687163996519e-01
124 27 -2.67891298693910e-02
124 30 -3.68876199638105e-02
124 41 -1.54545454545455e-02
124 45 -5.80330730500086e-02
124 50 -6.33211116357046e-02
125 125 5.12049034050491e+00
125 93 -2.04575240695754e-02
125 103 -2.28171237755689e-01
125 104 -1.16767489711934e-02
125 107 -1.75234238714110e-02
125 111 -1.84733245149912e-01
125 114 -4.10705030762625e-01
125 115 -4.07571537984192e-01
125 117 -7.29138383660840e-02
125 118 -8.45820315780634e-02
125 120 -3.21268673125816e-02
125 121 -1.95826332173518e-01
125 122 -1.00000000000000e+00
125 123 -2.11147152002090e-01
125 126 -2.38920503112082e-01
125 129 -3.94280654237004e-02
125 131 -2.40859129847225e-02
125 133 -2.16376496551982e-01
125 134 -3.93634218433601e-02
125 138 -4.15899390383754e-01
125 139 -3.43118745509178e-02
125 140 -3.08393194988433e-02
125 144 -2.44542239392328e-02
125 145 -6.23751724009220e-02
125 148 -5.68623073028938e-02
125 149 -1.08533390871001e-01
125 153 -1.76208497802413e-02
125 154 -1.08405483405484e-02
125 160 -6.86953436905378e-02
125 170 -1.32344512564971e-02
125 34 -7.48855905998763e-03
125 41 -1.64176954732510e-02
125 48 -9.14168136390359e-03
125 190 -7.79421180140715e-02
125 195 -5.53826572604351e-02
125 198 -7.67200201180361e-02
125 200 -7.45967670330045e-02
125 201 -1.23846079846080e-02
125 202 -3.63863609641388e-02
125 203 -7.99364399114180e-02
125 204 -6.80472643415766e-02
125 205 -5.34174598508814e-02
125 208 -2.28535353535354e-02
125 213 -2.54929345949628e-02
125 214 -2.37192190868117e-02
125 249 -6.85207231040565e-02
125 251 -5.28721073165518e-02
125 253 -6.06496178718401e-03
125 254 -5.63312239935256e-02
126 126 5.00604347348681e+00
126 90 -1.87500000000000e-02
126 101 -3.69902319902320e-02
126 104 -1.97342151675485e-01
126 111 -1.85510785510786e-02
126 112 -3.18181818181819e-02
126 115 -4.04498780883040e-01
126 116 -2.08273208273208e-01
126 118 -4.00737402368355e-01
126 123 -3.98574081953712e-01
126 124 -5.11111111111112e-02
126 125 -2.38920503112082e-01
126 127 -1.04629629629630e+00
126 129 -2.21082640463593e-01
126 133 -3.45117834513778e-02
126 134 -3.81266389646019e-01
126 135 -5.19047619047620e-02
126 138 -3.58190630161530e-02
126 139 -2.11430206863045e-01
126 145 -3.56681690508851e-02
126 149 -2.43264471582373e-01
126 150 -5.78527946423492e-03
126 160 -3.61078658424338e-02
126 24 -1.28201890701891e-01
126 25 -1.22222222222222e-02
126 27 -7.60582010582012e-03
126 30 -7.10738335738337e-02
126 41 -3.63251563251564e-02
126 50 -1.79088504088504e-02
126 190 -1.68225308641975e-02
126 192 -6.64021164021165e-03
126 194 -7.31853314802624e-03
126 198 -3.43129251700681e-02
126 199 -7.67579791773341e-03
126 202 -4.54085818317770e-02
126 203 -1.11115002379553e-01
126 205 -3.84563818668757e-02
126 206 -3.79560992855924e-02
126 214 -2.30611650009798e-02
126 249 -3.07237339380197e-02
126 251 -1.75826404635929e-02
126 253 -5.51083396321492e-03
126 257 -2.32937767699673e-02
127 127 5.81234567901234e+00
127 112 -5.05050505050505e-02
127 116 -1.05050505050505e+00
127 123 -4.88215488215489e-02
127 124 -1.73830005120328e-01
127 126 -1.04629629629630e+00
127 128 -1.00000000000000e+00
127 129 -1.00000000000000e+00
127 134 -5.13468013468014e-02
127 135 -1.73057025279247e-01
127 139 -1.00000000000000e+00
127 14 -4.52674897119342e-03
127 19 -4.18420853008667e-03
127 24 -1.36226284004062e-01
127 25 -9.13556541692742e-03
127 27 -7.94883465134361e-03
127 30 -1.48369856613584e-02
127 45 -9.66348068498607e-03
127 50 -9.58206402650848e-03
128 128 5.42293592983499e+00
128 96 -1.63466805961603e-02
128 106 -1.90057755094175e-01
128 112 -1.78715953950085e-01
128 116 -1.92682748900231e-01
128 118 -3.20566646321688e-02
128 124 -1.00000000000000e+00
128 127 -1.00000000000000e+00
128 129 -2.24325962473477e-01
128 136 -1.78687048874354e-01
128 139 -1.96557078413899e-01
128 150 -1.91487986106687e-01
128 194 -4.05955946567165e-02
128 199 -2.94288691311882e-02
128 202 -4.08605204906181e-02
128 203 -1.66106072058453e-02
128 206 -4.22421241206237e-02
128 256 -7.83878125189260e-03
129 129 5.03934653792059e+00
129 96 -6.35394035827613e-02
129 105 -6.46697388632873e-02
129 106 -2.86967756617427e-02
129 112 -1.49744809474258e-02
129 115 -3.15448265726044e-02
129 116 -2.04270095298047e-01
129 118 -4.89290098141362e-01
129 123 -1.33827160493827e-02
129 125 -3.94280654237004e-02
129 126 -2.21082640463593e-01
129 127 -1.00000000000000e+00
129 128 -2.24325962473477e-01
129 133 -1.07473544973545e-02
129 134 -1.91837059794049e-02
129 136 -1.70776417862786e-02
129 138 -1.76031746031746e-02
129 139 -2.17374077150291e-01
129 145 -1.58456790123457e-02
129 147 -1.12514080901178e-02
129 149 -6.97311565619213e-02
129 150 -4.62048069468663e-02
129 158 -3.73380885088713e-02
129 160 -2.45969233784049e-02
129 167 -1.09955173427396e-02
129 190 -3.76146204320040e-02
129 192 -5.08092640003035e-02
129 193 -9.20553645592049e-03
129 194 -1.20414766368772e-01
129 198 -3.70161165700848e-02
129 199 -8.53321132791448e-02
129 202 -3.13519109204556e-01
129 203 -1.17955165028975e-01
129 205 -3.58536155202822e-02
129 206 -8.11371157558488e-02
129 214 -5.37055604546346e-02
129 222 -4.38212815990594e-02
129 223 -1.93000541702530e-02
129 228 -2.65356995884774e-02
129 248 -1.40891912320484e-02
129 249 -7.60379356680945e-02
129 251 -2.39864953388763e-02
129 253 -1.01614176534812e-02
129 256 -3.27623121858294e-02
129 257 -1.15228092718569e-01
130 130 5.66506633106292e+00
130 109 -5.73304473304474e-02
130 113 -1.40548340548341e-02
130 119 -1.05324675324675e+00
130 120 -2.16725698543879e-02
130 131 -5.50144300144301e-02
130 137 -1.07642857142857e+00
130 140 -1.03513708513709e-01
130 141 -1.06673567977916e+00
130 142 -1.15426997245177e-02
130 148 -2.24819624819625e-02
130 151 -1.18577075098814e-02
130 159 -1.48629148629149e-02
130 165 -1.81065311500094e-02
130 28 -1.58288668109168e-02
130 31 -1.78723696381085e-01
130 32 -4.93506493506494e-02
130 37 -8.28426352619901e-03
130 38 -3.26794124741339e-01
130 39 -4.92424242424243e-02
130 42 -1.45107609467651e-02
130 46 -1.77419354838710e-01
130 47 -5.30489224037611e-02
130 54 -6.64575866188770e-03
130 57 -1.18577075098814e-02
131 131 5.38896589606174e+00
131 99 -5.48007246376812e-02
131 107 -2.38715306305024e-02
131 109 -1.31132212144117e-02
131 110 -5.02976190476191e-02
131 113 -1.32930629041740e-02
131 114 -3.25101414254278e-02
131 117 -5.03754627015497e-02
131 120 -4.85568808836666e-01
131 121 -1.93474598593646e-01
131 125 -2.40859129847225e-02
131 130 -5.50144300144301e-02
131 132 -1.00000000000000e+00
131 137 -1.75343180482070e-02
131 138 -2.18496627270437e-01
131 140 -7.10258461409256e-02
131 142 -2.40054594508960e-01
131 143 -1.00000000000000e+00
131 148 -2.17689660207517e-01
131 159 -1.72260225077686e-02
131 169 -8.12034746558557e-03
131 22 -5.02976190476191e-02
131 34 -1.78509070294785e-01
131 38 -5.50144300144301e-02
131 39 -1.78571428571429e-01
131 40 -1.00000000000000e+00
131 198 -1.17088687326783e-02
131 200 -4.95551747635081e-02
131 201 -2.22785126396238e-02
131 203 -5.15299823633157e-03
131 204 -3.02661879566642e-02
131 211 -1.14336944654405e-02
131 254 -5.96220710506425e-03
132 132 5.81386343838663e+00
132 121 -1.00000000000000e+00
132 131 -1.00000000000000e+00
132 133 -1.04648148148148e+00
132 138 -1.00000000000000e+00
132 144 -1.05070707070707e+00
132 26 -1.18507177940870e-02
132 29 -1.18725247008401e-02
132 35 -2.19454673721340e-01
132 36 -8.84184181732881e-03
132 37 -6.26464508543362e-03
132 40 -2.07618836427080e-01
132 41 -4.89935587761675e-02
132 43 -8.83904344692876e-03
132 44 -6.66980317658205e-03
132 48 -1.02212706777924e-01
132 52 -4.93540224255512e-03
132 55 -3.27652527111465e-02
132 58 -2.55140184917963e-02
133 133 5.23621903442759e+00
133 115 -2.07383075315174e-02
133 118 -1.31337448559671e-02
133 122 -1.04648148148148e+00
133 123 -2.06034744861905e-01
133 125 -2.16376496551982e-01
133 126 -3.45117834513778e-02
133 129 -1.07473544973545e-02
133 132 -1.04648148148148e+00
133 134 -1.94069256646417e-01
133 138 -2.16684378003602e-01
133 139 -1.75752416878960e-02
133 144 -2.05993697578795e-01
133 145 -3.87661676604798e-01
133 148 -2.62994753955953e-02
133 149 -6.72276214950378e-02
133 153 -1.91949877173091e-01
133 154 -1.23857623857624e-02
133 160 -6.54996995337604e-02
133 166 -5.01383247525223e-03
133 167 -1.02263745627943e-02
133 170 -1.05912371807434e-02
133 15 -7.59259259259260e-03
133 23 -6.16498316498317e-02
133 26 -2.15873015873016e-02
133 29 -1.47354497354498e-02
133 30 -2.67318108622457e-02
133 35 -1.20039682539680e-02
133 36 -9.40617092247528e-02
133 40 -6.00426887926888e-02
133 41 -3.58061390881439e-01
133 44 -1.74258109040718e-02
133 48 -3.58095194526354e-01
133 52 -6.10766045548655e-03
133 55 -2.41208147729887e-02
133 198 -1.53711052322164e-02
133 200 -1.34614197530864e-02
133 203 -5.61573952127303e-02
133 204 -1.43323535175387e-02
133 205 -3.52840870916268e-02
133 214 -1.24142906133647e-02
133 251 -6.68481107369997e-03
133 254 -5.43507829618941e-03
134 134 5.23797736407902e+00
134 101 -2.00320512820513e-02
134 104 -1.87500000000000e-02
