0 46 0 46
0 0 5.32446913952363e+00
0 1 -4.52865666568639e-03
0 2 -1.48182708245223e-02
0 3 -1.07685604748350e-01
0 4 -1.12272196580153e+00
0 5 -2.51812272957205e-01
0 6 -2.93735956496590e-02
0 7 -6.90316016217212e-02
0 8 -4.92137363482204e-04
0 9 -1.04135262494184e-02
0 10 -1.00116137152256e-01
0 11 -4.83369048419677e-02
0 12 -3.39718616672840e-02
0 13 -3.18823853183982e-02
0 14 -8.80413666443275e-02
0 16 -5.64008743932582e-03
0 17 -3.23401809502755e-02
0 18 -1.26721179116366e-03
0 20 -3.99587619210064e-02
0 24 -1.02622659381344e-02
0 26 -4.14916776532225e-03
0 47 -2.44887662481931e-02
0 48 -6.07857069951958e-04
0 50 -1.90279227698142e-02
0 51 -3.48421660667122e-02
0 52 -1.15962850671666e-01
0 53 -2.09869507273019e-02
0 54 -6.64149342981053e-03
0 56 -2.08927856846117e-02
0 57 -7.09699614226582e-03
0 59 -9.41760343097400e-04
0 60 -5.79382754497211e-04
0 61 -2.73372359143259e-03
0 64 -5.37800560621739e-03
0 65 -3.52986488483491e-02
0 66 -5.80750355057859e-03
0 72 -1.25526792901739e-03
0 73 -5.72145287451022e-03
1 1 5.26259164928861e+00
1 0 -4.52865666568639e-03
1 2 -1.15172599039688e+00
1 3 -3.80879496284307e-02
1 4 -1.10446416646387e-03
1 6 -1.67338242917112e-01
1 8 -1.83744925096730e-01
1 9 -2.35006236674283e-01
1 10 -1.59277623934880e-02
1 13 -3.39740770743498e-02
1 15 -4.07187642206247e-02
1 16 -1.90041047861002e-02
1 17 -1.54128415627407e-03
1 18 -5.35031126876190e-03
1 49 -4.07067068985907e-01
1 50 -1.29490141986577e-01
1 51 -8.99462061921687e-03
1 55 -8.95493541713825e-02
1 56 -1.80488512764074e-02
1 58 -1.37509311055459e-02
1 59 -1.01155727421203e-02
1 63 -1.93719064686807e-03
1 76 -1.77492142685109e-03
1 111 -7.64089399418620e-04
1 112 -9.36131743844150e-03
1 115 -1.37544410983540e-03
1 116 -7.82330074059842e-04
2 2 5.47199575401248e+00
2 0 -1.48182708245223e-02
2 1 -1.15172599039688e+00
2 3 -1.17484681269769e+00
2 4 -6.96580671911125e-03
2 6 -1.13583028011599e-01
2 7 -5.41593391993447e-04
2 8 -8.46395573409461e-03
2 9 -1.26593610362705e-01
2 10 -5.06057203505234e-02
2 13 -2.46167457320175e-02
2 15 -3.29482116222343e-03
2 16 -5.82862094370630e-02
2 17 -5.72650398052924e-03
2 18 -1.52024464374669e-03
2 22 -2.30263485795854e-04
2 49 -1.10184861299273e-01
2 50 -4.26388453909694e-01
2 51 -4.84969798744487e-02
2 55 -3.94008073852784e-03
2 56 -6.59217345817989e-02
2 58 -1.54805728044301e-03
2 59 -1.57311061639992e-02
2 76 -3.00507957285728e-03
2 111 -7.37362255572847e-04
2 112 -1.42157847932279e-02
2 115 -2.32873350647763e-03
2 116 -4.16656242180019e-04
3 3 5.28756697769904e+00
3 0 -1.07685604748351e-01
3 1 -3.80879496284307e-02
3 2 -1.17484681269769e+00
3 4 -2.30580310139805e-01
3 5 -1.60514297466030e-02
3 6 -7.23154226974711e-02
3 7 -1.42782202584506e-02
3 8 -2.52780537736536e-03
3 9 -7.37873876414262e-02
3 10 -1.01847020952170e-01
3 11 -4.41295154358684e-03
3 12 -3.16582227883459e-03
3 13 -4.22178715036687e-02
3 14 -1.60122111611592e-02
3 16 -4.37151830420617e-02
3 17 -7.96491850485692e-02
3 18 -1.65788188469227e-03
3 20 -8.85914875781038e-03
3 24 -3.82632014625285e-03
3 47 -1.07134974557401e-02
3 49 -3.05983196991266e-02
3 50 -1.63234198320300e-01
3 51 -2.33369321186965e-01
3 52 -7.60676850111343e-02
3 53 -1.96193097932701e-03
3 54 -4.63089425518591e-03
3 55 -2.78398706569323e-03
3 56 -1.29396690741013e-01
3 57 -2.90109081252721e-03
3 58 -3.30360262602277e-03
3 59 -3.28574999347442e-02
3 61 -1.03061592367082e-02
3 63 -3.42861477110208e-03
3 64 -3.30997791997748e-03
3 65 -8.31316543037948e-03
3 66 -1.09474047722218e-03
3 71 -8.71686202855157e-04
3 72 -1.16327159436475e-03
3 73 -1.07851953867880e-03
3 75 -1.70511361534850e-03
3 83 -2.58956803374035e-04
3 109 -2.87953904897327e-03
3 111 -1.49952376537486e-02
3 112 -1.45752803840246e-02
3 113 -1.26027060105581e-02
3 115 -1.65583147864818e-03
3 138 -1.70580173147403e-03
4 4 5.47114620594680e+00
4 0 -1.12272196580153e+00
4 1 -1.10446416646387e-03
4 2 -6.96580671911125e-03
4 3 -2.30580310139805e-01
4 5 -1.12645980350190e+00
4 6 -5.75047540386228e-03
4 7 -3.66569860666846e-02
4 8 -1.25271456750779e-04
4 9 -2.12400945257069e-03
4 10 -1.32767767761097e-01
4 11 -1.59067867226268e-02
4 12 -1.48354040093802e-03
4 13 -4.27308502377537e-03
4 14 -5.33952682255309e-02
4 17 -3.95114776025318e-03
4 18 -3.22563330627052e-04
4 20 -1.96592381781681e-02
4 24 -1.35876055061264e-03
4 47 -6.28615969781897e-02
4 48 -1.86743041721040e-03
4 50 -2.70504444605402e-02
4 51 -1.72044486671735e-01
4 52 -4.29149055483369e-01
4 53 -9.86052967119034e-03
4 54 -1.43699129722560e-02
4 56 -1.94992259030237e-02
4 57 -1.39485935398528e-02
4 59 -2.17299932376280e-02
4 60 -1.82080060156478e-03
4 61 -1.44843074903731e-02
4 64 -6.21034402762271e-04
4 65 -3.58946178815179e-02
4 66 -3.57322926376434e-03
4 72 -3.19523071704812e-04
4 73 -3.52028417449899e-03
4 109 -2.84126235535192e-03
4 110 -8.12578696685515e-05
4 111 -1.07866229646768e-03
4 113 -9.66364382960400e-04
4 138 -8.74846034307375e-05
4 139 -1.05653614016694e-03
5 5 5.23656102733692e+00
5 0 -2.51812272957206e-01
5 3 -1.60514297466030e-02
5 4 -1.12645980350190e+00
5 6 -7.77817530254857e-05
5 7 -9.36893202562601e-02
5 10 -5.71638639472561e-02
5 11 -7.41103523874643e-02
5 12 -3.50170085991429e-02
5 13 -1.49745355946267e-03
5 14 -6.93227545251239e-02
5 17 -4.72518338944290e-03
5 20 -1.01886841313416e-02
5 24 -1.48220026793810e-03
5 25 -1.20925637170088e-02
5 26 -4.91577834769763e-04
5 47 -4.00650771964356e-01
5 48 -1.88030758138174e-02
5 51 -2.46205497775340e-02
5 52 -2.27422163278297e-01
5 53 -6.20249345328153e-02
5 54 -1.02045401818199e-01
5 56 -5.27006081263412e-04
5 57 -1.54839342928760e-02
5 60 -2.85886616296845e-02
5 61 -5.45163142213039e-02
5 64 -2.43227510934597e-03
5 65 -2.55115667768170e-02
5 66 -1.36286749845554e-02
5 67 -1.99941055168059e-02
5 73 -1.50868811935779e-02
5 74 -1.31252271364591e-03
5 109 -3.54058146228239e-03
5 110 -2.66597817932016e-03
6 6 5.33985182067097e+00
6 0 -2.93735956496591e-02
6 1 -1.67338242917112e-01
6 2 -1.13583028011599e-01
6 3 -7.23154226974712e-02
6 4 -5.75047540386229e-03
6 5 -7.77817530254857e-05
6 7 -2.25136400089444e-03
6 8 -1.14250583586203e-01
6 9 -2.04600695852586e-01
6 10 -5.79430474113323e-02
6 13 -7.72485225360671e-03
6 15 -4.69578623807470e-02
6 16 -5.28495174160667e-02
6 17 -2.98965346228207e-02
6 18 -8.53450626420182e-02
6 19 -1.45990593116887e-02
6 20 -1.21656052173737e-03
6 21 -1.51115200615172e-02
6 22 -2.52378194177723e-02
6 23 -1.23500691814223e-03
6 24 -1.50821531981506e-03
6 28 -2.03552291684459e-04
6 29 -4.28304874216721e-04
6 49 -6.07664792011449e-02
6 50 -7.01842566170235e-02
6 51 -1.69866472194797e-02
6 55 -4.50759736110527e-02
6 56 -3.74239087121771e-02
6 58 -1.90118827778299e-03
6 62 -7.92375161736839e-03
6 63 -1.22413091677045e-02
6 70 -4.77138458860047e-04
6 71 -1.17695746379332e-03
7 7 5.10203322494197e+00
7 0 -6.90316016217212e-02
7 2 -5.41593391993447e-04
7 3 -1.42782202584506e-02
7 4 -3.66569860666846e-02
7 5 -9.36893202562601e-02
7 6 -2.25136400089444e-03
7 10 -6.72278405452818e-02
7 11 -9.52312563634318e-02
7 12 -2.81533080033921e-01
7 13 -5.82822113185801e-03
7 14 -1.44770107811268e-01
7 17 -6.45928831270675e-03
7 20 -1.35987442223125e-02
7 24 -3.05475410857299e-03
7 25 -1.98289435781762e-02
7 26 -4.21397055447230e-03
7 31 -1.25905500065106e-03
7 47 -4.43007051003734e-02
7 48 -6.07420274808808e-03
7 50 -7.13076391110978e-04
7 51 -7.83449121901444e-03
7 52 -7.13782968263810e-02
7 53 -4.15534255168511e-02
7 54 -1.59159887844902e-02
7 56 -1.00758713543646e-03
7 57 -8.41143126828519e-04
7 60 -2.21980208708330e-02
7 61 -3.94590985911935e-03
7 64 -9.81038156626515e-04
7 65 -1.56691424728529e-02
7 66 -2.78525733376123e-02
7 67 -5.01942171096388e-03
7 73 -2.03261464132982e-02
7 74 -1.79066378503396e-03
7 90 -5.40304232479220e-04
8 8 5.13582822467038e+00
8 0 -4.92137363482204e-04
8 1 -1.83744925096730e-01
8 2 -8.46395573409461e-03
8 3 -2.52780537736536e-03
8 4 -1.25271456750779e-04
8 6 -1.14250583586203e-01
8 9 -1.95845300666244e-01
8 10 -8.41415914749855e-04
8 13 -2.22523379662503e-02
8 15 -1.75137071302065e-01
8 16 -9.69257815716413e-04
8 18 -1.68064078387562e-02
8 19 -6.41346610042580e-04
8 21 -6.19854364947276e-03
8 22 -1.41026631026460e-03
8 23 -9.55785333370397e-04
8 27 -5.84637258435306e-04
8 29 -1.86440153955408e-04
8 49 -1.63768740649712e-01
8 50 -1.31270756237702e-02
8 51 -4.88927164059279e-04
8 55 -2.29150399792815e-01
8 56 -7.91538726189320e-04
8 58 -1.54630009058276e-01
8 59 -6.49983403820544e-03
8 62 -1.33413747939031e-01
8 63 -6.06827388151513e-03
8 70 -1.26570818173462e-03
8 76 -1.02166228274467e-02
8 77 -3.41713158245551e-04
8 112 -1.76262482747883e-02
8 115 -3.47249472628950e-03
8 116 -2.94847714953551e-03
8 119 -4.22235957112739e-04
8 140 -5.78199481733168e-04
9 9 4.90284622141275e+00
9 0 -1.04135262494184e-02
9 1 -2.35006236674283e-01
9 2 -1.26593610362705e-01
9 3 -7.37873876414262e-02
9 4 -2.12400945257069e-03
9 6 -2.04600695852586e-01
9 8 -1.95845300666244e-01
9 10 -1.12209795529530e-01
9 13 -2.18133509351437e-01
9 14 -3.29029815596807e-03
9 15 -4.38054228025277e-01
9 16 -3.49479306832665e-01
9 17 -7.96078497298556e-02
9 18 -1.22296331548154e-01
9 19 -1.77320884101312e-01
9 21 -2.84953005117583e-03
9 22 -9.90560787726616e-03
9 49 -4.08196757916993e-01
9 50 -1.58529167516581e-01
9 51 -2.57569214075270e-02
9 55 -4.17169377237598e-01
9 56 -1.03267945074136e-01
9 58 -2.35747803848177e-02
9 59 -3.79940546838708e-02
9 62 -2.57301820215391e-02
9 63 -4.09191875960214e-01
9 64 -5.69731799687644e-03
9 70 -9.28502947263325e-04
9 71 -1.88363442369497e-02
9 72 -4.51295941555047e-03
9 75 -5.25572661028781e-03
9 76 -1.37684857149809e-02
9 78 -9.05895691609978e-04
9 83 -3.96530962044695e-03
9 112 -3.34642866833777e-02
9 115 -8.09786721462851e-03
9 116 -4.35850306540481e-03
9 119 -6.66506036603525e-05
9 140 -9.22793431399414e-05
10 10 5.13785973440098e+00
10 0 -1.00116137152256e-01
10 1 -1.59277623934880e-02
10 2 -5.06057203505234e-02
10 3 -1.01847020952170e-01
10 4 -1.32767767761097e-01
10 5 -5.71638639472561e-02
10 6 -5.79430474113323e-02
10 7 -6.72278405452818e-02
10 8 -8.41415914749855e-04
10 9 -1.12209795529530e-01
10 11 -2.58954598119841e-02
10 12 -3.93015668508911e-02
10 13 -9.06429040981026e-02
10 14 -7.82842963372317e-02
10 15 -2.53054149681702e-03
10 16 -8.70200028565938e-02
10 17 -5.53549042238757e-01
10 18 -6.69749577995705e-03
10 19 -3.15190197984183e-03
10 20 -1.81001582479617e-01
10 24 -9.91807295209726e-02
10 25 -1.72533869283349e-02
10 26 -9.07208418300298e-03
10 30 -4.52151690609417e-03
10 33 -2.29755765420239e-03
10 37 -1.09485592739746e-03
10 47 -1.15945635592303e-02
10 48 -1.36247873643588e-04
10 49 -1.17749515572214e-02
10 50 -4.71398523843598e-02
10 51 -2.25517128894623e-01
10 52 -1.64060273545523e-01
10 53 -8.27118431750823e-03
10 54 -1.63717843048022e-02
10 56 -2.24510064894211e-01
10 57 -1.07626422658619e+00
10 59 -2.47986238637080e-02
10 60 -9.35629765283791e-03
10 61 -2.60931568956237e-02
10 64 -2.32969710668046e-01
10 65 -1.42584689590019e-01
10 66 -7.80693663612151e-03
10 67 -1.75007393152824e-02
10 71 -2.97361387520304e-03
10 72 -2.53004365936896e-02
10 73 -1.70396433807590e-02
10 74 -9.99857066855633e-04
10 80 -7.63288797916319e-03
10 81 -7.84957099415893e-03
10 86 -1.57999584092472e-03
10 111 -7.94279862861933e-04
10 113 -1.03976471058712e-03
11 11 5.05474006246455e+00
11 0 -4.83369048419677e-02
11 3 -4.41295154358684e-03
11 4 -1.59067867226268e-02
11 5 -7.41103523874642e-02
11 7 -9.52312563634317e-02
11 10 -2.58954598119842e-02
11 12 -1.00592945299005e-01
11 13 -1.67285096321089e-03
11 14 -1.18918190651967e-01
11 17 -5.32352131157162e-03
11 20 -3.35411985272225e-02
11 24 -1.69056536236756e-03
11 25 -1.05527680771875e-01
11 26 -8.38564417647732e-04
11 31 -5.02603110152438e-03
11 47 -6.99755483359232e-02
11 48 -1.78586546330960e-02
11 51 -5.31450166748217e-03
11 52 -5.04480638375299e-02
11 53 -4.06585328253867e-01
11 54 -5.71412888122714e-02
11 56 -5.89167028995326e-04
11 57 -1.63705520278676e-02
11 60 -1.48327492541050e-01
11 61 -3.01024094288822e-02
11 64 -2.75008249258869e-03
11 65 -5.68999655007572e-02
11 66 -3.92320396053111e-01
11 67 -4.76782116143415e-02
11 68 -4.05033978331179e-02
11 69 -3.48400837789920e-03
11 73 -6.05746671465943e-02
11 74 -6.64824547678390e-02
11 81 -1.38956970420027e-02
11 90 -2.47438557953757e-03
11 110 -3.82975692557403e-03
11 114 -1.98200526142390e-03
12 12 5.11712284066744e+00
12 0 -3.39718616672840e-02
12 3 -3.16582227883459e-03
12 4 -1.48354040093802e-03
12 5 -3.50170085991429e-02
12 7 -2.81533080033921e-01
12 10 -3.93015668508911e-02
12 11 -1.00592945299005e-01
12 13 -3.58127003615308e-03
12 14 -4.60149761146537e-01
12 17 -1.05891639902067e-02
12 20 -1.04787645815387e-01
12 24 -2.41103746782387e-02
12 25 -8.45880108239787e-02
12 26 -6.38961245058188e-02
12 31 -2.47682466141009e-02
12 35 -1.04897590387242e-02
12 42 -2.18332496868305e-03
12 44 -2.39868023817661e-03
12 47 -1.58038851252629e-02
12 48 -9.09324234015529e-05
12 51 -2.10862409864134e-03
12 52 -9.79895829810075e-03
12 53 -2.30235889071929e-02
12 54 -3.57170319538368e-03
12 60 -1.56212515786325e-02
12 61 -1.79085005055673e-03
12 64 -1.39045343346419e-03
12 65 -3.64965254504764e-02
12 66 -3.62450060241986e-02
12 67 -1.14303346903209e-02
12 73 -3.14781715371206e-02
12 74 -4.34147536503838e-02
12 80 -6.59060457550659e-03
12 81 -2.25580299192734e-02
12 89 -3.91060287117635e-03
12 90 -5.20942892520467e-04
13 13 5.09203498748653e+00
13 0 -3.18823853183982e-02
13 1 -3.39740770743498e-02
13 2 -2.46167457320175e-02
13 3 -4.22178715036687e-02
13 4 -4.27308502377537e-03
13 5 -1.49745355946267e-03
13 6 -7.72485225360667e-03
13 7 -5.82822113185801e-03
13 8 -2.22523379662503e-02
13 9 -2.18133509351437e-01
13 10 -9.06429040981026e-02
13 11 -1.67285096321089e-03
13 12 -3.58127003615308e-03
13 14 -4.31277404004953e-02
13 15 -1.23839681456338e-01
13 16 -1.17924807118147e+00
13 17 -2.70395416787728e-01
13 18 -4.79657190899143e-01
13 19 -1.16872533722435e-01
13 20 -6.39508590894137e-02
13 21 -1.32133133555829e-02
13 22 -6.47260709329164e-02
13 23 -1.03958687166378e-02
13 24 -9.62857614781568e-02
13 26 -1.01730544265715e-02
13 27 -6.33000833608400e-04
13 28 -2.82565576007320e-03
13 29 -5.27066535150850e-03
13 30 -2.04589846738848e-02
13 32 -9.58824427001905e-04
13 33 -2.70160544350345e-02
13 37 -7.05376750643439e-03
13 39 -2.13122828504718e-04
13 45 -2.14060338543186e-04
13 47 -7.95500916771284e-04
13 49 -1.72281491457478e-02
13 50 -5.74870901173969e-02
13 51 -1.26625282675490e-02
13 52 -1.50145560746818e-03
13 53 -7.95933145377939e-04
13 55 -1.49583732118484e-02
13 56 -6.30608055044682e-02
13 58 -2.20949302751933e-04
13 62 -1.40305953309399e-03
13 63 -4.19691006975157e-02
13 64 -1.49235236051739e-02
13 65 -9.73995516130905e-03
13 66 -7.41565452063157e-04
13 70 -3.17004141530348e-04
13 71 -6.38409961301641e-02
13 72 -2.53436039943661e-02
13 73 -7.30577562354054e-04
13 78 -6.21693121693122e-03
13 79 -1.66969517336824e-02
13 80 -2.18996176047096e-03
13 85 -5.58533394977769e-03
13 86 -1.85009204505204e-02
13 97 -3.08674889972163e-04
14 14 5.06896378833523e+00
14 0 -8.80413666443275e-02
14 3 -1.60122111611592e-02
14 4 -5.33952682255309e-02
14 5 -6.93227545251239e-02
14 7 -1.44770107811268e-01
14 9 -3.29029815596807e-03
14 10 -7.82842963372318e-02
14 11 -1.18918190651967e-01
14 12 -4.60149761146537e-01
14 13 -4.31277404004954e-02
14 16 -6.06520652922888e-03
14 17 -1.08643945028729e-01
14 18 -5.63944482785063e-03
14 19 -3.16754673120860e-03
14 20 -3.76202511277945e-01
14 24 -1.23489602147199e-01
14 25 -4.25851390767531e-02
14 26 -8.80973733953109e-02
14 30 -2.66650244871313e-02
14 31 -1.79962750231434e-02
14 33 -5.28804445292224e-03
14 34 -3.07385260883099e-02
14 35 -2.95982670058928e-02
14 36 -1.70687669382753e-03
14 37 -2.51991361480461e-03
14 41 -2.89735547713833e-03
14 42 -2.92452095358105e-03
14 44 -1.56039477918740e-03
14 47 -3.45149113125767e-02
14 48 -3.33010532367675e-04
14 50 -3.70313697634358e-03
14 51 -1.36155620913406e-02
14 52 -8.21094680897230e-02
14 53 -3.70921790780526e-02
14 54 -3.81011517979113e-02
14 56 -6.55866942267005e-03
14 57 -3.90014590974931e-02
14 59 -6.65279973195029e-03
14 60 -3.44605812631820e-02
14 61 -4.71628398929855e-02
14 64 -4.67889679810044e-02
14 65 -2.61216964845144e-01
14 66 -5.34704505958980e-02
14 67 -7.53087103255926e-02
14 71 -2.98837367739100e-03
14 72 -1.37157602790272e-02
14 73 -1.28886494781906e-01
14 74 -5.21857330713686e-02
14 80 -3.58118182214281e-02
14 81 -9.76522981349742e-02
14 82 -1.10476629853369e-03
14 86 -3.63650863209468e-03
14 87 -1.11876971799060e-03
14 88 -2.42536488421111e-02
14 89 -5.19267450161507e-03
14 90 -2.30899675631050e-03
14 92 -1.25606474400560e-03
14 93 -2.86210343620328e-04
14 98 -3.10140649202071e-04
15 15 4.86814152922824e+00
15 1 -4.07187642206247e-02
15 2 -3.29482116222343e-03
15 6 -4.69578623807470e-02
15 8 -1.75137071302065e-01
15 9 -4.38054228025276e-01
15 10 -2.53054149681702e-03
15 13 -1.23839681456338e-01
15 16 -1.87567846960390e-01
15 17 -4.05466806606147e-03
15 18 -1.84616366465859e-01
15 19 -3.81759054587549e-01
15 21 -5.32584274013808e-02
15 22 -4.05263512005348e-02
15 23 -2.57732261573239e-01
15 27 -3.01248175178746e-02
15 28 -4.73906042543012e-03
15 29 -7.00644742921331e-03
15 32 -4.54365908476190e-04
15 49 -3.63338215886970e-02
15 50 -4.87012390186130e-03
15 55 -4.14946068533919e-01
15 56 -3.77552751737051e-03
15 58 -3.88130681461993e-02
15 59 -3.92141193253313e-03
15 62 -4.09154141865617e-01
15 63 -4.08508059179801e-01
15 64 -2.89262496106653e-04
15 70 -1.71426258972432e-01
15 71 -1.74020218284244e-02
15 72 -1.45069613437409e-04
15 75 -3.68237577916328e-03
15 76 -5.19684116853794e-02
15 77 -4.22663423724546e-02
15 78 -4.69723309828760e-02
15 83 -9.33973248289073e-03
15 85 -3.70362613478940e-03
15 94 -2.26012064807717e-03
15 95 -2.33224623588519e-03
15 97 -5.24885028351541e-04
15 112 -7.41912156388082e-03
15 115 -4.48374349306875e-03
15 116 -4.06905478870943e-03
15 119 -1.62604223916864e-04
15 121 -1.72927084574974e-03
15 140 -2.25129408449064e-04
16 16 5.37759447602576e+00
16 0 -5.64008743932581e-03
16 1 -1.90041047861002e-02
16 2 -5.82862094370630e-02
16 3 -4.37151830420617e-02
16 6 -5.28495174160667e-02
16 8 -9.69257815716413e-04
16 9 -3.49479306832665e-01
16 10 -8.70200028565938e-02
16 13 -1.17924807118147e+00
16 14 -6.06520652922888e-03
16 15 -1.87567846960390e-01
16 17 -1.14900993148025e+00
16 18 -1.05542984841224e-01
16 19 -3.03720298639394e-01
16 20 -2.40210806748031e-02
16 21 -2.25576308657180e-03
16 22 -1.82021206120327e-02
16 23 -1.85294586308397e-02
16 24 -4.48681837197751e-02
16 26 -2.65043793174156e-03
16 28 -1.23820157583418e-03
16 29 -2.25961202545629e-03
16 30 -6.22684019297024e-03
16 33 -3.60634247719954e-02
16 37 -2.04725855523641e-03
16 39 -2.04881797507457e-03
16 49 -3.42000324326894e-02
16 50 -8.21240745021684e-02
16 51 -1.50851648999866e-02
16 55 -1.86124585737102e-02
16 56 -1.28710596161745e-01
16 58 -5.05019216184879e-03
16 59 -4.41528657706185e-02
16 62 -6.36449853121738e-04
16 63 -4.00764964665429e-01
16 64 -5.82291300685024e-02
16 70 -6.55668525377583e-04
16 71 -3.20613644666913e-01
16 72 -1.14596363520439e-01
16 75 -2.01682110077767e-02
16 76 -1.20778740821260e-02
16 78 -1.87383789195273e-02
16 79 -7.15607668472164e-02
16 83 -1.05392521993678e-02
16 85 -1.01802280458871e-02
16 86 -2.70891067920444e-02
16 87 -2.68575611839647e-03
16 91 -2.40265330683841e-03
16 112 -2.75299598422634e-02
16 113 -2.33560090702948e-03
16 115 -1.41513994536275e-02
16 116 -1.49206349206349e-03
16 118 -3.49557954061016e-04
16 122 -1.37449599205338e-03
17 17 5.30480464352325e+00
17 0 -3.23401809502754e-02
17 1 -1.54128415627407e-03
17 2 -5.72650398052924e-03
17 3 -7.96491850485692e-02
17 4 -3.95114776025318e-03
17 5 -4.72518338944290e-03
17 6 -2.98965346228207e-02
17 7 -6.45928831270675e-03
17 9 -7.96078497298556e-02
17 10 -5.53549042238757e-01
17 11 -5.32352131157162e-03
17 12 -1.05891639902067e-02
17 13 -2.70395416787728e-01
17 14 -1.08643945028729e-01
17 15 -4.05466806606147e-03
17 16 -1.14900993148025e+00
17 18 -5.26100409881498e-02
17 19 -4.29639310156524e-02
17 20 -1.15566601442976e-01
17 21 -1.68578672527196e-03
17 22 -3.75201755102405e-02
17 23 -5.34349398024203e-03
17 24 -1.29880124545067e-01
17 25 -6.50481615850918e-03
17 26 -3.06381372808227e-02
17 28 -4.36477801143531e-04
17 29 -8.65063796443992e-04
17 30 -3.91838580300952e-02
17 33 -4.34251631348133e-02
17 34 -2.66237610023907e-03
17 37 -7.40762023075000e-03
17 39 -6.24469238213575e-04
17 47 -2.54258674708345e-03
17 49 -2.58806570851096e-03
17 50 -7.61384196397749e-02
17 51 -2.99613047335352e-02
17 52 -4.93579562914531e-03
17 53 -2.54396823980560e-03
17 55 -1.40710133309838e-03
17 56 -3.99398142466634e-01
17 57 -2.36313151474887e-04
17 58 -1.20031672747841e-03
17 59 -7.00561798312781e-02
17 61 -9.36823678559203e-04
17 62 -3.19423105770261e-04
17 63 -6.17965371821620e-02
17 64 -4.05351502956267e-01
17 65 -8.09497902444594e-02
17 66 -2.37019775937333e-03
17 69 -1.37179862531164e-04
17 71 -8.76925245358527e-02
17 72 -4.21776569364480e-01
17 73 -3.57912241023285e-03
17 75 -6.26241799712735e-02
17 76 -6.46333758378456e-03
17 78 -5.64117925907965e-03
17 79 -5.34251567999290e-02
17 80 -7.65455089372997e-03
17 81 -1.48712929173169e-03
17 83 -5.81710339989131e-03
17 85 -9.32831830415842e-03
17 86 -4.94424478946678e-02
17 87 -2.28446246741458e-03
17 91 -7.95399958890507e-04
17 96 -4.25691639185642e-04
17 111 -4.57568088160884e-04
17 113 -5.17174981739697e-03
17 115 -9.60830780507222e-03
17 116 -1.15199890922429e-03
17 117 -2.88676601588172e-03
17 118 -2.57576280821166e-03
17 139 -1.14596425007709e-03
18 18 5.04847785550202e+00
18 0 -1.26721179116366e-03
18 1 -5.35031126876190e-03
18 2 -1.52024464374669e-03
18 3 -1.65788188469227e-03
18 4 -3.22563330627052e-04
18 6 -8.53450626420182e-02
18 8 -1.68064078387562e-02
18 9 -1.22296331548154e-01
18 10 -6.69749577995705e-03
18 13 -4.79657190899143e-01
18 14 -5.63944482785063e-03
18 15 -1.84616366465859e-01
18 16 -1.05542984841224e-01
18 17 -5.26100409881498e-02
18 19 -1.23422156665165e+00
18 20 -1.61255921209791e-02
18 21 -6.29255641694022e-02
18 22 -4.38553357578760e-01
18 23 -2.22002780420875e-01
18 24 -5.65305808176990e-02
18 26 -6.25433070918687e-03
18 27 -1.77818362358808e-02
18 28 -4.27432634342142e-02
18 29 -5.33864152656737e-02
18 30 -2.02687242776506e-02
18 32 -5.43162998209543e-03
18 33 -7.25755928717949e-02
18 37 -1.44695228306244e-02
18 38 -5.60481372435485e-04
18 39 -6.86818029520608e-04
18 43 -8.38628165077526e-05
18 45 -2.64591396070420e-03
18 50 -2.98283291515302e-03
18 51 -8.13185213531989e-04
18 55 -1.05912429954082e-02
18 56 -3.05046578479467e-03
18 58 -6.00350216039225e-04
18 62 -1.34727003527775e-02
18 63 -4.06135637903317e-02
18 64 -3.20800200676371e-03
18 70 -3.04944126771802e-02
18 71 -6.06467648716083e-02
18 72 -1.35904847875164e-02
18 77 -9.63392093984966e-03
18 78 -6.49586640211641e-02
18 79 -3.03418714523748e-02
18 80 -6.95764451857389e-04
18 85 -2.32650763870059e-02
18 86 -3.30544347116406e-02
18 97 -2.27831019390801e-03
18 101 -1.17055016229076e-04
19 19 5.18453154764989e+00
19 6 -1.45990593116887e-02
19 8 -6.41346610042580e-04
19 9 -1.77320884101312e-01
19 10 -3.15190197984183e-03
19 13 -1.16872533722435e-01
19 14 -3.16754673120860e-03
19 15 -3.81759054587549e-01
19 16 -3.03720298639394e-01
19 17 -4.29639310156524e-02
19 18 -1.23422156665165e+00
19 20 -2.47808810232284e-02
19 21 -3.00890294804095e-02
19 22 -1.04853013530565e-01
19 23 -3.77748636267356e-01
19 24 -6.29176673366589e-02
19 26 -2.80934947007325e-03
19 27 -1.57437973727313e-02
19 28 -5.45491204887872e-02
19 29 -1.84873540171870e-02
19 30 -1.48049473064169e-02
19 32 -1.79744552042911e-02
19 33 -6.99816201417816e-02
19 37 -4.56420154923384e-03
19 39 -2.17165836016021e-03
19 49 -1.10788616411297e-03
19 50 -4.40036674189348e-04
19 55 -1.80736172087371e-02
19 56 -7.94998884102447e-04
19 58 -6.59162692392921e-03
19 59 -4.14149254464888e-03
19 62 -2.82460035447453e-02
19 63 -3.96818722329238e-01
19 64 -7.17417804331528e-03
19 70 -1.10585084864290e-01
19 71 -3.27412867945607e-01
19 72 -7.43794827796384e-02
19 75 -9.78073710864827e-03
19 76 -5.29134888997193e-02
19 77 -3.04589368751376e-02
19 78 -3.96605433295186e-01
19 79 -1.27978152395099e-01
19 83 -2.24830642736827e-02
19 85 -6.99630254030509e-02
19 86 -3.94797752284263e-02
19 87 -2.84678521900162e-03
19 91 -2.66719953744269e-03
19 94 -3.40755498455344e-03
19 95 -5.85073916390006e-03
19 96 -1.25680716709898e-04
19 97 -6.35721874339701e-03
19 107 -7.21074608948936e-05
19 112 -5.21490266513670e-03
19 115 -8.58571743813988e-03
19 116 -3.13271604938272e-03
19 118 -8.37698055590010e-04
19 121 -4.13087555465910e-03
19 122 -4.16040406515972e-03
19 128 -3.04197419896463e-04
20 20 4.92623882980567e+00
20 0 -3.99587619210064e-02
20 3 -8.85914875781038e-03
20 4 -1.96592381781681e-02
20 5 -1.01886841313416e-02
20 6 -1.21656052173737e-03
20 7 -1.35987442223125e-02
20 10 -1.81001582479617e-01
20 11 -3.35411985272225e-02
20 12 -1.04787645815387e-01
20 13 -6.39508590894137e-02
20 14 -3.76202511277945e-01
20 16 -2.40210806748031e-02
20 17 -1.15566601442976e-01
20 18 -1.61255921209791e-02
20 19 -2.47808810232284e-02
20 21 -2.66679542304418e-04
20 22 -8.57736157822474e-03
20 24 -3.56579288655298e-01
20 25 -2.13103564503123e-01
20 26 -1.07663319086711e-01
20 30 -8.55865755309607e-02
20 31 -1.87234963437978e-02
20 33 -1.97294778611620e-02
20 34 -8.98997076042358e-02
20 35 -1.37846580794147e-02
20 36 -2.43123076866886e-03
20 37 -8.54541592118891e-03
20 40 -8.71085651450560e-03
20 41 -1.91359027815271e-02
20 44 -2.31983756041302e-03
20 47 -5.98984023144626e-03
20 48 -1.01625142138743e-04
20 51 -6.97379466957291e-03
20 52 -3.96148780999077e-02
20 53 -5.10554314074790e-03
20 54 -1.01794492106908e-02
20 56 -1.42336540087796e-03
20 57 -2.18640596104053e-02
20 59 -2.08564002166774e-02
20 60 -9.03332181703226e-03
20 61 -4.05811347821754e-02
20 64 -1.78355545200631e-01
20 65 -4.72140010561321e-01
20 66 -2.75764769000223e-02
20 67 -6.84066694815716e-02
20 68 -1.18603149970376e-04
20 69 -6.25301281254629e-03
20 71 -2.34257726540885e-02
20 72 -1.15439741477891e-01
20 73 -1.54591798306639e-01
20 74 -1.51500949022955e-02
20 75 -4.62423222256299e-02
20 76 -1.60044115206454e-04
20 79 -1.50678229878857e-02
20 80 -3.89488865766354e-01
20 81 -1.90860925844656e-01
20 82 -1.02811186143658e-04
20 83 -4.16301272766605e-03
20 84 -5.94640304411998e-02
20 85 -1.76090787860659e-03
20 86 -2.58077627003236e-02
20 87 -7.37466328304580e-02
20 88 -5.44704610935139e-02
20 89 -1.38120284987856e-02
20 90 -4.85826930906619e-03
20 91 -2.90023880679192e-03
20 92 -2.28081174024438e-02
20 93 -6.51058044191851e-03
20 96 -6.05434416674464e-03
20 99 -3.44333637435206e-04
20 113 -1.71673987578123e-03
20 115 -1.72169166789043e-03
20 117 -2.98475324892571e-02
20 118 -1.66130304635927e-02
20 120 -5.01634626041253e-04
20 124 -2.97316960257160e-03
20 125 -1.57156298193209e-03
20 126 -1.55779387661858e-03
20 139 -1.01563447794841e-03
21 21 5.25805761964258e+00
21 6 -1.51115200615172e-02
21 8 -6.19854364947276e-03
21 9 -2.84953005117583e-03
21 13 -1.32133133555829e-02
21 15 -5.32584274013808e-02
21 16 -2.25576308657180e-03
21 17 -1.68578672527196e-03
21 18 -6.29255641694022e-02
21 19 -3.00890294804095e-02
21 20 -2.66679542304418e-04
21 22 -2.43723756768716e-01
21 23 -1.59703765237305e-01
21 24 -2.77638677745267e-03
21 27 -1.24306481540359e-01
21 28 -6.85214127110538e-02
21 29 -8.50071892654944e-02
21 30 -6.32518324012927e-03
21 32 -1.13614897735769e-02
21 33 -2.32908524663329e-02
21 37 -6.08183200302339e-03
21 38 -1.70501542539587e-02
21 39 -2.32978828604522e-04
21 43 -1.49936747275366e-02
21 45 -3.25881955107215e-03
21 55 -2.56558184069584e-03
21 58 -3.25613916464977e-04
21 62 -8.16660314497263e-03
21 63 -4.30408586513662e-04
21 70 -2.14081595676487e-02
21 71 -1.82535450005814e-03
21 77 -5.47298540897192e-02
21 78 -9.05621232204804e-03
21 79 -5.87380637873692e-03
21 85 -9.47564670259414e-03
21 86 -7.58062402228283e-03
21 97 -2.03211551599738e-03
21 101 -3.31993964473185e-04
22 22 5.08726838978282e+00
22 2 -2.30263485795854e-04
22 6 -2.52378194177723e-02
22 8 -1.41026631026460e-03
22 9 -9.90560787726616e-03
22 13 -6.47260709329164e-02
22 15 -4.05263512005348e-02
22 16 -1.82021206120327e-02
22 17 -3.75201755102405e-02
22 18 -4.38553357578760e-01
22 19 -1.04853013530565e-01
22 20 -8.57736157822474e-03
22 21 -2.43723756768716e-01
22 23 -1.72554383716201e-01
22 24 -6.47509225088724e-02
22 26 -7.80397049481375e-03
22 27 -2.42522249554176e-02
22 28 -6.92587306062192e-02
22 29 -1.03930172608093e-01
22 30 -3.67146623925283e-02
22 32 -1.43144673313909e-02
22 33 -1.23062808633050e-01
22 37 -5.17897353337255e-02
22 38 -5.38911013366229e-03
22 39 -1.56352849873600e-03
22 43 -8.70976162778771e-03
22 45 -1.37736445769799e-02
22 50 -6.58468181517973e-04
22 55 -8.90628787690952e-04
22 56 -6.33028813898711e-04
22 62 -3.00067844660410e-03
22 63 -1.44683951197339e-03
22 70 -6.29265585247519e-03
22 71 -1.54784994907491e-02
22 72 -1.52951619136725e-02
22 77 -6.73293950172928e-03
22 78 -7.56785878552858e-02
22 79 -3.45444256592751e-02
22 85 -3.70133949329331e-02
22 86 -3.88135038300131e-02
22 97 -7.05772577114432e-03
22 101 -8.46331186845147e-04
23 23 5.07979911674430e+00
23 6 -1.23500691814223e-03
23 8 -9.55785333370397e-04
23 13 -1.03958687166378e-02
23 15 -2.57732261573239e-01
23 16 -1.85294586308397e-02
23 17 -5.34349398024203e-03
23 18 -2.22002780420875e-01
23 19 -3.77748636267356e-01
23 21 -1.59703765237305e-01
23 22 -1.72554383716201e-01
23 24 -1.82192009421761e-02
23 27 -2.16440661005489e-01
23 28 -1.15459702553461e+00
23 29 -9.18887374105100e-02
23 30 -1.28456532322317e-02
23 32 -2.42643403159909e-02
23 33 -5.01210867104257e-02
23 37 -3.74843255407873e-03
23 55 -1.74244861783997e-02
23 58 -5.35336508534161e-03
23 62 -4.23632990368024e-02
23 63 -5.30423674505176e-02
23 70 -1.62904667447225e-01
23 71 -3.57166771285530e-02
23 72 -3.32559643975657e-03
23 75 -3.23281863448123e-03
23 76 -5.15948986887828e-02
23 77 -4.20084442785781e-01
23 78 -3.86197319455621e-01
23 79 -5.83764474129755e-02
23 83 -1.57266906376642e-02
23 85 -1.23445275150419e-01
23 86 -1.85133476101695e-02
23 91 -3.12129178470703e-04
23 94 -1.78495907772457e-02
23 95 -2.00462915684160e-02
23 96 -3.25572904238974e-04
23 97 -1.15087944460277e-02
23 107 -1.86792660603915e-04
23 115 -4.32127107951666e-04
23 118 -4.13021420314416e-04
23 119 -4.47253704886403e-03
23 121 -9.19131680209457e-03
23 122 -2.43337366063375e-03
23 128 -2.84130272028117e-04
24 24 4.98831514687185e+00
24 0 -1.02622659381344e-02
24 3 -3.82632014625285e-03
24 4 -1.35876055061264e-03
24 5 -1.48220026793810e-03
24 6 -1.50821531981506e-03
24 7 -3.05475410857299e-03
24 10 -9.91807295209726e-02
24 11 -1.69056536236755e-03
24 12 -2.41103746782387e-02
24 13 -9.62857614781568e-02
24 14 -1.23489602147199e-01
24 16 -4.48681837197751e-02
24 17 -1.29880124545067e-01
24 18 -5.65305808176990e-02
24 19 -6.29176673366589e-02
24 20 -3.56579288655298e-01
24 21 -2.77638677745267e-03
24 22 -6.47509225088723e-02
24 23 -1.82192009421761e-02
24 25 -1.23758110007813e-01
24 26 -6.70834723109573e-02
24 28 -3.49057173401253e-03
24 29 -1.51266335751016e-02
24 30 -2.00063505354810e-01
24 31 -1.85224526413291e-02
24 33 -9.69394344159863e-02
24 34 -2.23725349802453e-01
24 35 -1.75102651591590e-02
24 36 -2.41775643297021e-03
24 37 -1.15824003153027e-02
24 39 -3.30808012294039e-02
24 40 -6.51955893156640e-02
24 41 -2.27169754128996e-02
24 42 -5.52196298348281e-03
24 44 -4.01484278631384e-03
24 45 -3.74392421162662e-03
24 47 -7.83432872977125e-04
24 51 -2.35194921778035e-03
24 52 -2.02357036134109e-03
24 53 -7.83858544515592e-04
24 56 -1.56188459496608e-03
24 57 -4.76008281737017e-04
24 59 -1.33021181873155e-02
24 60 -2.79049923431136e-04
24 61 -3.30727272938570e-03
24 64 -1.21962490193352e-01
24 65 -5.73597721557646e-02
24 66 -7.30315629262127e-04
24 67 -2.95846103958168e-03
24 69 -1.20044418416429e-03
24 71 -4.42197009024207e-02
24 72 -2.24179044350859e-01
24 73 -2.35650558811221e-02
24 74 -8.58876561964852e-04
24 75 -7.12541158035111e-02
24 76 -6.24241477729150e-04
24 78 -1.63060963744184e-02
24 79 -1.49840469025438e-01
24 80 -4.06868322715606e-01
24 81 -9.30615299045695e-02
24 83 -3.66115431916078e-02
24 84 -2.27359392502994e-02
24 85 -3.08095786792197e-02
24 86 -2.03978288476521e-01
24 87 -4.76752430187774e-01
24 88 -7.15979667258587e-02
24 89 -1.38874916872715e-02
24 90 -3.35978526378265e-03
24 91 -5.63796115858797e-02
24 92 -3.92755461530412e-02
24 93 -8.23359152788353e-03
24 95 -1.43668971289195e-03
24 96 -2.19245140165986e-02
24 97 -2.78698833291791e-03
24 99 -1.37592671971667e-03
24 102 -5.15094863357833e-04
24 104 -3.30545619126561e-04
24 107 -5.08254151381506e-04
24 113 -2.06833474179645e-03
24 115 -3.05217188534992e-03
24 117 -1.53844062905178e-02
24 118 -3.23307143183318e-02
24 120 -7.64188798886537e-04
24 122 -4.18364658201648e-03
24 123 -1.84575460590700e-04
24 124 -7.45070206617205e-03
24 125 -1.20465204529485e-03
24 126 -1.27406784700413e-03
24 129 -1.08612601747297e-04
24 132 -1.08705845658382e-04
24 139 -9.17979085198903e-04
25 25 5.23608932095478e+00
25 5 -1.20925637170088e-02
25 7 -1.98289435781762e-02
25 10 -1.72533869283349e-02
25 11 -1.05527680771875e-01
25 12 -8.45880108239787e-02
25 14 -4.25851390767532e-02
25 17 -6.50481615850918e-03
25 20 -2.13103564503123e-01
25 24 -1.23758110007813e-01
25 26 -1.75427510040898e-01
25 30 -4.60578876509670e-02
25 31 -9.67266905730388e-02
25 33 -3.08360950531106e-03
25 34 -2.82585430501149e-02
25 35 -2.15385183317859e-01
25 36 -7.97339531490173e-02
25 37 -1.46943348233017e-03
25 40 -2.18729974054643e-03
25 41 -4.87255622775892e-02
25 42 -1.25814773890260e-02
25 44 -1.21621062752616e-02
25 47 -7.31507539301114e-03
25 52 -9.84233474050284e-03
25 53 -9.50847121412769e-03
25 54 -9.37683715461494e-04
25 60 -9.85500923441016e-03
25 61 -4.21677941548481e-03
25 65 -6.32854047296475e-02
25 66 -7.53916441666263e-02
25 67 -1.77987697785462e-02
25 68 -3.31573966525976e-03
25 73 -2.91710328098814e-01
25 74 -1.15626747123537e-01
25 80 -7.30567786263801e-02
25 81 -2.73031135392244e-01
25 82 -1.05165249863832e+00
25 84 -6.89851462157287e-03
25 86 -2.12055187582172e-03
25 87 -1.87692991165954e-02
25 88 -8.21603487643741e-02
25 89 -2.31867121243584e-01
25 90 -1.28259182431174e-01
25 91 -8.22022235100996e-04
25 92 -1.65228539185970e-02
25 93 -1.04121011509937e-02
25 98 -1.12826663414042e-02
26 26 5.25544670838514e+00
26 0 -4.14916776532225e-03
26 5 -4.91577834769763e-04
26 7 -4.21397055447230e-03
26 10 -9.07208418300298e-03
26 11 -8.38564417647732e-04
26 12 -6.38961245058188e-02
26 13 -1.01730544265715e-02
26 14 -8.80973733953109e-02
26 16 -2.65043793174156e-03
26 17 -3.06381372808227e-02
26 18 -6.25433070918687e-03
26 19 -2.80934947007325e-03
26 20 -1.07663319086711e-01
26 22 -7.80397049481375e-03
26 24 -6.70834723109573e-02
26 25 -1.75427510040898e-01
26 28 -3.86671165102428e-04
26 29 -2.11621285850535e-03
26 30 -9.91771449814342e-02
26 31 -5.39858585427933e-02
26 33 -2.26235733747877e-02
26 34 -1.52846237728962e-01
26 35 -1.35586321698646e-01
26 36 -2.22013243268116e-02
26 37 -4.34982657457886e-02
26 39 -1.17759169973513e-03
26 40 -4.02922864927904e-02
26 41 -5.25918479653481e-02
26 42 -2.03806055616865e-02
26 44 -4.08015506925253e-02
26 45 -3.52983271761559e-04
26 46 -4.25781765844349e-03
26 47 -2.37617347551911e-04
26 52 -4.48487099627202e-04
26 53 -2.37746454901613e-04
26 64 -2.78968073325352e-03
26 65 -8.64419925892796e-03
26 66 -2.21506741275125e-04
26 71 -2.65043793174156e-03
26 72 -4.03803172494300e-03
26 73 -2.73959349520429e-02
26 74 -1.78834092601002e-03
26 79 -2.75795079504225e-03
26 80 -4.76673809557078e-02
26 81 -2.23518180477235e-02
26 85 -9.45659421749683e-04
26 86 -1.31778522255756e-02
26 87 -3.40927639610182e-02
26 88 -1.32027529769759e-01
26 89 -1.44562371281260e-02
26 90 -2.29741473204856e-02
26 91 -3.44822528958459e-03
26 92 -9.64686300873694e-03
26 93 -5.39822244419995e-03
26 98 -7.86902764651668e-03
26 99 -2.15803405767985e-03
26 104 -1.46499424467029e-04
26 105 -4.64732438232145e-03
26 106 -4.14517029535405e-04
27 27 5.26089560954586e+00
27 8 -5.84637258435306e-04
27 13 -6.33000833608400e-04
27 15 -3.01248175178746e-02
27 18 -1.77818362358808e-02
27 19 -1.57437973727313e-02
27 21 -1.24306481540359e-01
27 22 -2.42522249554176e-02
27 23 -2.16440661005489e-01
27 28 -1.10775424042393e+00
27 29 -1.28453523924481e-01
27 32 -2.07746680698397e-01
27 33 -7.29174615090738e-03
27 37 -1.38138678716149e-03
27 38 -2.16638513826434e-01
27 43 -1.23944499375081e-02
27 45 -9.29579011176663e-04
27 62 -1.14830909233743e-02
27 70 -4.69149285952020e-02
27 76 -8.59794252111568e-03
27 77 -4.05970847530522e-01
27 78 -4.66546013981368e-03
27 79 -1.42999654650607e-03
27 83 -3.44832507319017e-03
27 85 -7.42393265044803e-02
27 86 -1.97765288105334e-03
27 91 -2.81260304915333e-04
27 94 -5.51662338965429e-02
27 95 -3.74370320650704e-02
27 96 -2.93374476449401e-04
27 97 -2.05425000451379e-02
27 100 -1.20875495904303e-02
27 101 -4.70237094513778e-03
27 107 -1.68319286696660e-04
27 119 -2.29710475293126e-03
27 121 -5.85562258577839e-03
27 134 -1.21818523383444e-03
27 137 -2.98116181323241e-04
28 28 5.48074091220425e+00
28 6 -2.03552291684459e-04
28 13 -2.82565576007320e-03
28 15 -4.73906042543012e-03
28 16 -1.23820157583418e-03
28 17 -4.36477801143531e-04
28 18 -4.27432634342142e-02
28 19 -5.45491204887872e-02
28 21 -6.85214127110538e-02
28 22 -6.92587306062192e-02
28 23 -1.15459702553461e+00
28 24 -3.49057173401253e-03
28 26 -3.86671165102428e-04
28 27 -1.10775424042393e+00
28 29 -2.36117078643334e-01
28 30 -8.44394205132624e-03
28 32 -1.12485627410624e+00
28 33 -1.94676769006849e-01
28 37 -1.09637492840924e-02
28 38 -9.14803601139201e-03
28 39 -5.15076527748669e-04
28 43 -2.12001369971184e-03
28 45 -5.48605925412570e-03
28 63 -9.88931923595575e-03
28 70 -1.83716283567068e-02
28 71 -1.23030526477963e-03
28 76 -2.67985266705961e-02
28 77 -2.40611074791178e-02
28 78 -1.14773799393486e-01
28 79 -3.71715904397174e-02
28 83 -1.61008810686470e-02
28 85 -4.24718703552742e-01
28 86 -5.40839132993883e-02
28 91 -1.34111769777694e-03
28 94 -4.21523483192628e-02
28 95 -4.13456101982033e-02
28 96 -1.39888102077104e-03
28 97 -5.43049550734561e-02
28 101 -1.16509077470739e-02
28 107 -8.02587390830121e-04
28 119 -6.25428726087591e-04
28 121 -2.70962240679355e-02
29 29 5.01848356716753e+00
29 6 -4.28304874216721e-04
29 8 -1.86440153955408e-04
29 13 -5.27066535150850e-03
29 15 -7.00644742921331e-03
29 16 -2.25961202545629e-03
29 17 -8.65063796443992e-04
29 18 -5.33864152656737e-02
29 19 -1.84873540171870e-02
29 21 -8.50071892654944e-02
29 22 -1.03930172608093e-01
29 23 -9.18887374105099e-02
29 24 -1.51266335751016e-02
29 26 -2.11621285850535e-03
29 27 -1.28453523924481e-01
29 28 -2.36117078643334e-01
29 30 -3.94904964402898e-02
29 32 -1.17993343312696e+00
29 33 -2.22190932543018e-01
29 34 -3.44671726255800e-04
29 37 -8.11427316822923e-02
29 38 -1.99273947492528e-01
29 39 -1.85050971422796e-02
29 40 -6.83379250758557e-04
29 41 -1.48235016694911e-04
29 43 -9.78072909864961e-02
29 44 -9.87437168855445e-05
29 45 -9.35012829167155e-02
29 70 -1.95813790148127e-03
29 71 -2.24405951665112e-03
29 78 -1.36497958275139e-02
29 79 -1.10265971706891e-02
29 85 -4.48929773389852e-02
29 86 -2.39276613757218e-02
29 91 -3.03833525187126e-03
29 97 -6.33838704194634e-02
29 100 -7.61183395461961e-03
29 101 -3.10770043498419e-02
29 102 -7.35694657970197e-03
29 103 -1.92652465070885e-03
29 104 -1.27599179948384e-04
30 30 4.92405130522039e+00
30 10 -4.52151690609417e-03
30 13 -2.04589846738848e-02
30 14 -2.66650244871313e-02
30 16 -6.22684019297024e-03
30 17 -3.91838580300952e-02
30 18 -2.02687242776506e-02
30 19 -1.48049473064169e-02
30 20 -8.55865755309607e-02
30 21 -6.32518324012927e-03
30 22 -3.67146623925283e-02
30 23 -1.28456532322317e-02
30 24 -2.00063505354810e-01
30 25 -4.60578876509670e-02
30 26 -9.91771449814342e-02
30 28 -8.44394205132624e-03
30 29 -3.94904964402898e-02
30 31 -3.02969703869818e-02
30 32 -1.02749588658246e-02
30 33 -1.68928706096104e-01
30 34 -4.33350473367567e-01
30 35 -4.65541280571950e-02
30 37 -4.54832793423368e-01
