0 8 0 8
0 0 5.05465867222019e+00
0 1 -2.89901779917748e-02
0 2 -1.71363457910267e-01
0 3 -4.48184557506786e-02
0 4 -2.00911384438593e-03
0 5 -6.89371786286819e-05
0 6 -1.29020466863136e-03
0 7 -2.73612241908557e-04
0 8 -3.86777326252608e-03
0 9 -2.81087585243882e-01
0 10 -5.15731633763138e-02
0 11 -6.54640655912511e-02
0 12 -8.82892643428921e-02
0 13 -1.38284123260502e-02
0 14 -2.99991518859218e-03
0 15 -1.40086527552398e-02
0 16 -2.81322170261701e-03
0 17 -1.35166631042092e-03
0 18 -2.84059377953971e-04
0 19 -2.55182132261814e-03
0 20 -7.80007988887492e-03
0 21 -1.32937821379486e-02
0 22 -1.56103104271185e-04
0 23 -1.36119874344097e-03
0 24 -3.39951309708387e-04
0 25 -3.85109575675491e-03
0 26 -3.98919769908897e-03
0 27 -5.43531768805838e-04
0 28 -9.44284593022918e-04
0 29 -3.02766700351689e-04
0 30 -3.23848237886017e-06
1 1 4.96465661533896e+00
1 0 -2.89901779917748e-02
1 2 -6.49602377468571e-02
1 3 -1.34232097554216e-01
1 4 -1.45689077712957e-02
1 5 -8.37569425633464e-03
1 6 -5.85082130786704e-07
1 7 -2.84052185733803e-03
1 8 -3.04710263835599e-05
1 9 -2.87851421854344e-02
1 10 -1.42014076354512e-03
1 11 -1.35445686975065e-01
1 12 -2.78376486308716e-02
1 13 -2.64906110346411e-04
1 14 -3.42036467495729e-04
1 15 -2.81758732767512e-04
1 16 -3.13476318840286e-02
1 17 -2.07859334459330e-02
1 18 -3.22780136249394e-03
1 19 -5.19076351607979e-03
1 20 -2.57456391410191e-04
1 21 -1.90730298993106e-04
1 22 -1.05153639849589e-03
1 23 -2.87337831119650e-05
1 24 -1.77045922236968e-04
1 25 -4.36637787418183e-02
1 26 -2.17092069661346e-02
1 27 -1.05824060347202e-02
1 28 -1.38229345709396e-03
1 29 -6.28700570463471e-05
1 30 -6.75705497422587e-04
2 2 4.85590316192226e+00
2 0 -1.71363457910267e-01
2 1 -6.49602377468571e-02
2 3 -2.84703413308480e-01
2 4 -1.69558169719648e-02
2 5 -1.19539895130348e-03
2 6 -3.01860885139941e-03
2 7 -2.91021077320720e-03
2 8 -1.05669930438538e-02
2 9 -3.68964330103339e-01
2 10 -5.27364500651904e-02
2 11 -5.69704221177973e-01
2 12 -7.32890338016029e-01
2 13 -5.04258291574678e-02
2 14 -1.20663187985233e-02
2 15 -2.95896881555081e-02
2 16 -3.08765069269164e-02
2 17 -3.71390320055100e-02
2 18 -3.82710515234948e-03
2 19 -4.68500476058669e-02
2 20 -4.90876447970661e-02
2 21 -3.90428202058245e-02
2 22 -1.18187220259340e-03
2 23 -9.29683977109143e-03
2 24 -2.65183549692017e-03
2 25 -2.17427151133862e-02
2 26 -3.66747760852361e-02
2 27 -8.04387151659821e-03
2 28 -1.01371295952591e-02
2 29 -2.19271127329969e-03
2 30 -5.14691639358576e-05
3 3 4.89452806793049e+00
3 0 -4.48184557506786e-02
3 1 -1.34232097554216e-01
3 2 -2.84703413308481e-01
3 4 -1.23239199057431e-01
3 5 -4.40196721255598e-02
3 6 -9.72464392367858e-04
3 7 -5.16156129156562e-02
3 8 -8.41745777424588e-03
3 9 -3.44235084071581e-02
3 10 -5.64366160972922e-03
3 11 -3.57301492023385e-01
3 12 -2.69210698303426e-01
3 13 -1.29874696678320e-02
3 14 -9.24375204364040e-03
3 15 -1.19762880698892e-02
3 16 -2.09710351670607e-01
3 17 -1.00577482322336e-01
3 18 -8.00198236757349e-02
3 19 -1.00752125366860e-01
3 20 -1.07519876009896e-01
3 21 -5.26483606431038e-02
3 22 -3.55741405138507e-02
3 23 -1.53415126687067e-02
3 24 -2.35470817595165e-02
3 25 -8.18925718249644e-02
3 26 -5.48535434390101e-02
3 27 -9.33015817041681e-02
3 28 -4.76425025882896e-02
3 29 -4.12670689782257e-03
3 30 -5.76859352250548e-03
4 4 5.03228686309408e+00
4 0 -2.00911384438593e-03
4 1 -1.45689077712957e-02
4 2 -1.69558169719648e-02
4 3 -1.23239199057431e-01
4 5 -8.15257141339695e-02
4 6 -1.75882294537435e-04
4 7 -9.62120304592094e-02
4 8 -3.65532509407949e-03
4 9 -1.50106639535199e-03
4 10 -1.42460861026973e-05
4 11 -3.10658566566927e-02
4 12 -4.47423717152064e-02
4 13 -4.46747146635910e-04
4 14 -4.33448643204893e-06
4 15 -1.53894040992796e-03
4 16 -1.50182087756152e-01
4 17 -4.77773311917968e-02
4 18 -6.30823402814722e-02
4 19 -9.52376083543700e-02
4 20 -3.62914029426138e-02
4 21 -1.08412799996758e-02
4 22 -8.60637275108080e-03
4 23 -1.01953917988216e-02
4 24 -1.14049407310397e-02
4 25 -9.15868638754873e-03
4 26 -7.41982122918196e-04
4 27 -4.64237427770175e-03
4 28 -1.23006486309465e-03
4 29 -1.22564941004411e-05
4 30 -1.31813296037160e-03
5 5 4.98189653090516e+00
5 0 -6.89371786286819e-05
5 1 -8.37569425633464e-03
5 2 -1.19539895130348e-03
5 3 -4.40196721255597e-02
5 4 -8.15257141339694e-02
5 6 -3.15412549383836e-06
5 7 -5.71819619558222e-01
5 8 -2.36417160260466e-04
5 9 -2.01100313849038e-04
5 10 -1.31847645486689e-06
5 11 -1.21430618565186e-02
5 12 -5.70955718962212e-03
5 13 -2.41688227034278e-05
5 14 -7.59242871609408e-06
5 15 -8.61936151364067e-05
5 16 -1.16804783112868e-01
5 17 -4.54316242794420e-02
5 18 -2.10937489000314e-01
5 19 -3.47562773900662e-02
5 20 -5.56898633829557e-03
5 21 -6.83595851786880e-04
5 22 -1.78046409584959e-02
5 23 -4.26139602019742e-03
5 24 -3.17139670445694e-02
5 25 -1.09158175234962e-02
5 26 -1.29249569956833e-03
5 27 -8.75975128146818e-03
5 28 -2.74970850277709e-03
5 29 -1.10555619996296e-05
5 30 -7.97261080804608e-03
6 6 5.03821575790982e+00
6 0 -1.29020466863136e-03
6 1 -5.85082130786704e-07
6 2 -3.01860885139941e-03
6 3 -9.72464392367858e-04
6 4 -1.75882294537435e-04
6 5 -3.15412549383836e-06
6 7 -2.10069197709567e-04
6 8 -5.74445973984167e-01
6 9 -1.31584874246521e-03
6 10 -2.31810042794930e-04
6 11 -1.05369915261705e-04
6 12 -2.57419673606425e-02
6 13 -4.25965684965098e-03
6 14 -7.59584922015908e-04
6 15 -3.50243958430828e-02
6 16 -4.31866999428900e-05
6 17 -3.11492884842221e-05
6 18 -1.44933520941418e-04
6 19 -8.01473039919701e-03
6 20 -2.36750764558128e-02
6 21 -1.08070881202164e-01
6 22 -2.63331107308305e-04
6 23 -1.04424831201836e-01
6 24 -2.45337700723202e-03
6 25 -3.19263233592000e-07
6 26 -2.28202177210147e-05
6 27 -1.24794156988108e-05
6 28 -8.61109967988874e-04
6 29 -2.05798613677868e-03
6 30 -1.40029828408561e-07
7 7 4.78980293333726e+00
7 0 -2.73612241908557e-04
7 1 -2.84052185733803e-03
7 2 -2.91021077320720e-03
7 3 -5.16156129156562e-02
7 4 -9.62120304592094e-02
7 5 -5.71819619558222e-01
7 6 -2.10069197709567e-04
7 8 -4.56368006430897e-03
7 9 -2.43898130480350e-04
7 10 -9.64157677034099e-07
7 11 -9.84741761253315e-03
7 12 -1.61565681628512e-02
7 13 -2.16898454669498e-04
7 14 -4.84744897290490e-05
7 15 -6.78684670672501e-04
7 16 -1.60966878829510e-01
7 17 -7.03736946398752e-02
7 18 -3.02519599931293e-01
7 19 -1.62708138914188e-01
7 20 -4.25838470701289e-02
7 21 -8.51774314856005e-03
7 22 -6.60103204521063e-02
7 23 -2.27284615894294e-02
7 24 -5.41818291487419e-02
7 25 -5.00295076388205e-03
7 26 -8.25198065983423e-04
7 27 -9.74414309189088e-03
7 28 -1.60001931934091e-02
7 29 -2.94049857800821e-04
7 30 -4.87446437341975e-02
8 8 4.85606002196889e+00
8 0 -3.86777326252608e-03
8 1 -3.04710263835599e-05
8 2 -1.05669930438538e-02
8 3 -8.41745777424588e-03
8 4 -3.65532509407949e-03
8 5 -2.36417160260466e-04
8 6 -5.74445973984168e-01
8 7 -4.56368006430897e-03
8 9 -4.73320869790751e-03
8 10 -3.49370802915251e-03
8 11 -3.39702134205927e-03
8 12 -7.00202161297621e-02
8 13 -3.91199380147572e-02
8 14 -1.92535245559651e-02
8 15 -8.19800036043945e-02
8 16 -3.29962248025052e-03
8 17 -7.32269165598990e-03
8 18 -4.60220513981639e-03
8 19 -2.57399009116952e-02
8 20 -1.34822136515939e-01
8 21 -3.58217531573075e-01
8 22 -4.42442541033245e-02
8 23 -3.10125515976905e-01
8 24 -2.32146229384161e-02
8 25 -8.68312464944513e-05
8 26 -2.93115995296079e-03
8 27 -1.69536148355683e-03
8 28 -4.23343096077557e-02
8 29 -4.77824811177674e-02
8 30 -4.99553651788129e-05
