22 52 22 52
22 22 4.78937703999951e+00
22 23 -1.28659864418289e-01
22 24 -2.06767317836873e-03
22 25 -2.88423595229710e-01
22 26 -4.34916174247014e-01
22 27 -1.01157471164768e-01
22 28 -3.53285374326372e-01
22 29 -1.14163639287078e-03
22 30 -4.16340544906587e-02
22 31 -3.38451835949588e-04
22 32 -3.31356537280360e-05
22 33 -9.42323109566775e-04
22 34 -1.50487914960484e-02
22 35 -1.13122980444423e-01
22 36 -8.73097447138612e-05
22 37 -2.99434815733392e-02
22 38 -2.47596777619713e-02
22 39 -4.05135360330887e-04
22 40 -1.62784667759319e-02
22 41 -2.18653959660711e-04
22 42 -5.26984796325163e-04
22 43 -2.01270624484247e-04
22 44 -1.93035640997904e-04
22 47 -1.41149542109026e-03
22 50 -1.34153461197624e-06
22 51 -1.28326929005941e-05
22 0 -2.99563622960038e-02
22 1 -3.14494162626283e-01
22 2 -2.86823876700576e-01
22 3 -7.96790186265188e-03
22 4 -7.55205665678124e-02
22 5 -4.42677395135263e-03
22 6 -2.09652262548244e-01
22 7 -2.40516081175495e-02
22 8 -8.29954992854454e-04
22 9 -2.65674094120038e-03
22 10 -9.57823091172736e-03
22 11 -2.67737921485135e-04
22 12 -2.10031978279952e-05
22 14 -3.46488883102696e-05
22 15 -1.42205196617924e-04
22 18 -1.24013452676115e-04
22 53 -1.83117112914754e-01
22 54 -4.39270075772578e-02
22 55 -1.35607387663475e-04
22 56 -2.06391314366467e-02
22 57 -1.36698776745280e-02
22 58 -2.87590628799667e-03
22 59 -7.00326621728023e-04
22 60 -6.01959450853566e-05
22 61 -2.62233480159872e-03
22 62 -1.89081210761183e-05
22 67 -2.17215125284621e-04
23 23 4.97708442801777e+00
23 22 -1.28659864418289e-01
23 24 -1.61189295644508e-01
23 25 -3.36178198582928e-03
23 26 -8.98275962612885e-02
23 27 -3.88162899342376e-01
23 28 -1.63576723459089e-01
23 29 -1.53476894564096e-01
23 30 -3.43217883784130e-01
23 31 -4.17764301975999e-02
23 32 -9.18421706451643e-02
23 33 -2.50884062068271e-02
23 34 -1.57828442643739e-04
23 35 -9.40387208896723e-04
23 36 -1.07826437989304e-02
23 37 -3.55518550451706e-02
23 38 -1.12494419226560e-04
23 39 -1.90771508081198e-02
23 40 -3.10393131852685e-04
23 41 -1.75211490397368e-02
23 42 -5.92046221832877e-05
23 43 -4.86958222924755e-04
23 44 -1.46233003468655e-03
23 45 -3.71028227849914e-03
23 46 -5.83488364113622e-05
23 47 -9.75579867187211e-05
23 48 -1.14187530672153e-03
23 49 -1.63258716915450e-04
23 0 -2.32730151155025e-01
23 1 -1.03055877054883e-02
23 2 -1.89265266857510e-01
23 3 -3.51245406449755e-01
23 4 -2.68312439087457e-01
23 5 -1.07613353753421e-01
23 6 -1.59840179452209e-02
23 7 -2.59821302066638e-03
23 11 -2.62853517958656e-02
23 13 -2.59822565960709e-04
23 15 -4.95601416244531e-04
23 16 -4.68408799600337e-05
23 17 -1.11609904270979e-05
23 19 -9.46415208604698e-06
23 53 -2.71253488764250e-02
23 54 -6.72770862547360e-02
23 55 -1.35260078933198e-02
23 56 -1.21364064603219e-02
23 57 -2.31827697894423e-03
23 58 -5.13357294878436e-02
23 59 -1.02160072693698e-02
23 60 -1.92690764524563e-03
23 61 -1.05766157070706e-03
23 62 -1.14528463397230e-03
23 63 -2.46526686932990e-04
23 64 -1.22443127070984e-04
23 65 -6.34515019836598e-05
24 24 5.26768297607125e+00
24 22 -2.06767317836873e-03
24 23 -1.61189295644508e-01
24 25 -4.35522946945054e-05
24 26 -3.76083558035031e-04
24 27 -5.31504052338221e-02
24 28 -7.92758845554968e-02
24 29 -1.30313568649630e+00
24 30 -8.76417764477578e-02
24 31 -6.85767943816116e-02
24 32 -6.49989464697919e-02
24 33 -1.13089033506329e-01
24 34 -9.75910252761640e-06
24 35 -2.13879559606915e-04
24 36 -1.03134698456092e-02
24 37 -7.50023532818491e-03
24 38 -1.03185566443827e-05
24 39 -6.86627296167853e-03
24 40 -5.22878300117320e-05
24 41 -1.03236279774661e-02
24 42 -4.05203876571158e-06
24 43 -8.08529622777439e-05
24 44 -3.94820100397632e-04
24 45 -1.59713010345694e-03
24 46 -4.68596761883669e-04
24 47 -7.93401340982677e-06
24 48 -5.91202349294621e-04
24 49 -2.04782448607435e-04
24 0 -2.61119323713391e-02
24 1 -2.82503379817291e-05
24 2 -8.55564211467405e-03
24 3 -1.72749188942511e-01
24 4 -2.40548628010376e-02
24 5 -7.33751392885106e-02
24 6 -6.12063573768562e-04
24 11 -2.06408606244640e-02
24 13 -7.97513405233354e-05
24 16 -5.82542285164685e-05
24 17 -2.42104685162844e-05
24 53 -5.89930107023177e-03
24 54 -2.64674666370394e-02
24 55 -7.47019508261015e-02
24 56 -5.12669838364326e-03
24 57 -1.89003202105638e-03
24 58 -2.44775303246682e-02
24 59 -5.74390719865002e-03
24 60 -3.43598198920222e-03
24 61 -8.35450892647028e-04
24 62 -3.34693807142648e-03
24 63 -3.00289313761314e-04
24 64 -1.36698098254450e-03
24 66 -2.76606104603348e-04
24 68 -3.82418681377838e-04
25 25 5.15734018121502e+00
25 22 -2.88423595229711e-01
25 23 -3.36178198582929e-03
25 24 -4.35522946945054e-05
25 26 -1.39054168648099e-01
25 27 -2.83139511307656e-03
25 28 -7.45668425636936e-02
25 29 -5.37840732662388e-05
25 30 -4.41534420373404e-02
25 31 -1.62565181264839e-05
25 33 -4.96047457480940e-05
25 34 -2.57252198418975e-01
25 35 -1.02664067965807e-01
25 37 -6.48321646911819e-02
25 38 -9.46655262429267e-02
25 39 -1.30170077219096e-04
25 40 -7.01042159771084e-02
25 42 -1.27886306663799e-02
25 43 -5.65063741707173e-04
25 44 -1.39481918305336e-04
25 47 -2.32412252082667e-02
25 48 -2.02033463730154e-03
25 50 -7.84395071257636e-04
25 51 -5.76088563512565e-04
25 0 -3.29730270533882e-03
25 1 -1.70600068693137e-01
25 2 -4.60820856343584e-02
25 3 -1.96526550201920e-04
25 4 -2.55215330668411e-02
25 5 -8.69780824318966e-04
25 6 -2.79929684071293e-02
25 7 -1.54612028881170e-01
25 8 -1.96998133397014e-02
25 9 -1.47370319508861e-02
25 10 -1.36950561746899e-01
25 12 -1.66101561725303e-02
25 14 -4.12540781753089e-03
25 18 -4.51810213067719e-04
25 53 -1.34847097855539e-01
25 54 -9.68733304743092e-03
25 55 -3.78213894634894e-05
25 56 -9.98275813340439e-02
25 57 -1.22570598817079e-01
25 58 -1.23852717398478e-03
25 59 -5.49268519680968e-03
25 60 -6.38617413659648e-04
25 61 -2.42286014590189e-02
25 62 -1.10367745562346e-04
25 63 -1.67054845591035e-04
25 64 -3.12895473339331e-06
25 67 -5.52384774479374e-03
25 68 -3.65998090597872e-06
26 26 5.33512837312330e+00
26 22 -4.34916174247014e-01
26 23 -8.98275962612885e-02
26 24 -3.76083558035031e-04
26 25 -1.39054168648099e-01
26 27 -1.07008389900582e+00
26 28 -1.27266428277213e+00
26 29 -3.90586808170021e-04
26 30 -2.36939130900428e-01
26 31 -8.74893237378134e-04
26 32 -2.16601850994835e-04
26 33 -3.40062667108263e-04
26 34 -1.77559324293068e-03
26 35 -2.20923536029278e-01
26 36 -3.08637915646246e-04
26 37 -1.72054487166228e-01
26 38 -1.42615936441460e-02
26 39 -9.09805583108982e-03
26 40 -1.65312098574917e-02
26 41 -1.45966303827737e-04
26 42 -2.56094381139138e-03
26 43 -1.03736954342601e-02
26 44 -4.54596309541895e-03
26 45 -2.24787390525750e-04
26 47 -6.51641924844030e-04
26 48 -5.24718632040934e-04
26 49 -1.60944502688155e-05
26 51 -6.54288961291852e-04
26 0 -3.05230098941018e-02
26 1 -6.34258252290164e-02
26 2 -1.58400225851367e-01
26 3 -6.30998559369286e-03
26 4 -2.50373485220696e-01
26 5 -2.74442888057547e-02
26 6 -2.43615606085939e-01
26 7 -4.20714873931571e-02
26 8 -2.43566867835671e-04
26 9 -6.40400379690207e-03
26 10 -2.37463508417059e-03
26 11 -4.78219002392101e-03
26 12 -2.88885431518934e-05
26 13 -9.29820305478383e-05
26 14 -1.31758485825098e-03
26 15 -3.85971888662053e-03
26 18 -4.34556161115256e-03
26 53 -8.82786996841486e-02
26 54 -1.34163557030049e-02
26 55 -4.32247203298060e-05
26 56 -2.34109052384000e-02
26 57 -2.16287451960211e-03
26 58 -3.79191063978696e-03
26 59 -3.33022410939943e-03
26 60 -2.81754236068130e-04
26 61 -2.19679842321113e-03
26 62 -8.59121880922959e-05
26 63 -6.17016487327842e-05
27 27 5.51803068421498e+00
27 22 -1.01157471164768e-01
27 23 -3.88162899342376e-01
27 24 -5.31504052338222e-02
27 25 -2.83139511307656e-03
27 26 -1.07008389900582e+00
27 28 -3.39656184505679e-01
27 29 -2.92657257035514e-02
27 30 -1.31438400171181e+00
27 31 -1.32435741150362e-02
27 32 -3.44966427787546e-02
27 33 -1.77768179805818e-02
27 34 -1.33127672337816e-04
27 35 -7.98088271865387e-04
27 36 -4.59102989407464e-03
27 37 -7.00278161104398e-02
27 38 -9.35882779719001e-05
27 39 -1.03818356289288e-02
27 40 -2.51455736891248e-04
27 41 -1.07535211180359e-02
27 42 -4.97879659090333e-05
27 43 -2.41409966676774e-04
27 44 -1.00653490228612e-03
27 45 -1.27203521481504e-03
27 46 -1.75105734054256e-05
27 47 -8.33953850861992e-05
27 48 -1.05783093537909e-03
27 49 -1.35939329816476e-04
27 0 -3.51986298612412e-02
27 1 -8.62531141313086e-03
27 2 -8.12375766319843e-02
27 3 -4.22930937091039e-02
27 4 -1.15206327118462e+00
27 5 -4.85176399337753e-02
27 6 -1.13698020564575e-02
27 7 -1.92122446091455e-03
27 11 -7.56726628396700e-03
27 15 -2.44649170177179e-04
27 16 -2.35460914733629e-05
27 53 -2.58172066791632e-02
27 54 -5.69858343696648e-02
27 55 -3.81983951593400e-03
27 56 -1.27331666399760e-02
27 57 -1.78341724398740e-03
27 58 -4.03665451290040e-02
27 59 -1.03151200696171e-02
27 60 -1.40033063310364e-03
27 61 -7.72286224649942e-04
27 62 -8.81219721524208e-04
27 63 -2.21207404521013e-04
27 64 -6.61304023549368e-05
27 65 -5.02113102265016e-05
28 28 5.74942975377814e+00
28 22 -3.53285374326372e-01
28 23 -1.63576723459089e-01
28 24 -7.92758845554968e-02
28 25 -7.45668425636936e-02
28 26 -1.27266428277213e+00
28 27 -3.39656184505679e-01
28 29 -2.31936128703145e-02
28 30 -9.59247310433434e-02
28 31 -5.86171054519721e-03
28 32 -7.11640215688628e-02
28 33 -4.30686787138049e-02
28 34 -2.62906113257450e-02
28 35 -1.01027319479640e-01
28 36 -7.27801668847421e-03
28 37 -2.27657587132053e-01
28 38 -1.47393137309114e-02
28 39 -4.69620403086342e-02
28 40 -8.85197978984589e-02
28 41 -5.53467635830271e-02
28 42 -3.70625469755361e-03
28 43 -7.61178676831698e-03
28 44 -1.48935438362438e-02
28 45 -4.44030408776233e-03
28 46 -8.50115116656404e-04
28 47 -9.60111529061619e-03
28 48 -2.51729328914474e-02
28 49 -2.22634880491047e-03
28 50 -2.90987945034163e-04
28 51 -3.09214291019952e-04
28 52 -1.79231536584784e-04
28 0 -6.80078325316195e-03
28 1 -3.90235265052275e-02
28 2 -3.85416086368688e-02
28 3 -1.90589460559424e-02
28 4 -4.29648765060993e-02
28 5 -1.52410574306210e-02
28 6 -7.85112702038737e-02
28 7 -2.53304085891325e-02
28 8 -2.58800777243509e-05
28 9 -1.01061454272507e-04
28 10 -1.33860132602979e-02
28 11 -1.04633652192157e-02
28 12 -1.29621859922169e-03
28 14 -9.59121187171116e-04
28 15 -2.70408771227029e-03
28 16 -3.52422281559520e-04
28 17 -1.71328563144128e-05
28 18 -4.55407432727597e-04
28 53 8.02051078935307e-02
28 54 -4.06425880190711e-01
28 55 -1.57982935226845e-02
28 56 -1.97936916268003e-01
28 57 -7.94138111361342e-02
28 58 -1.55024459222764e-01
28 59 -9.77961838702538e-02
28 60 -2.29947548651008e-02
28 61 -4.29890713071685e-02
28 62 -1.09916959782689e-02
28 63 -5.10830412967016e-03
28 64 -2.05087137487844e-03
28 65 -1.22097508075600e-03
28 66 -3.79430662986935e-04
28 67 -2.91005344378043e-03
28 68 -6.95628703160589e-04
29 29 5.26020973052779e+00
29 22 -1.14163639287078e-03
29 23 -1.53476894564096e-01
29 24 -1.30313568649630e+00
29 25 -5.37840732662388e-05
29 26 -3.90586808170021e-04
29 27 -2.92657257035514e-02
29 28 -2.31936128703145e-02
29 30 -1.50535682012216e-01
29 31 -1.70873250848408e-01
29 32 -1.23235232919050e+00
29 33 -2.61755706520614e-01
29 34 -1.31743288980089e-05
29 35 -7.73625541775823e-04
29 36 -4.21181154248945e-02
29 37 -2.70372438798872e-02
29 38 -2.87208234881594e-05
29 39 -1.48832439718227e-02
29 40 -2.31932710999529e-04
29 41 -2.66625904253731e-02
29 42 -5.47006154058768e-06
29 43 -1.87661717908534e-04
29 44 -1.33022371369701e-03
29 45 -4.84266066008715e-03
29 46 -9.88483982879228e-04
29 47 -1.07105445246102e-05
29 48 -1.93333437414265e-03
29 49 -5.33319350242290e-04
29 0 -7.73862875909610e-03
29 1 -3.54114961398340e-05
29 2 -2.64151356545375e-03
29 3 -6.15026802894802e-02
29 4 -1.70490426475109e-02
29 5 -5.58994230757469e-02
29 6 -3.63921532003947e-04
29 11 -4.81072616924324e-02
29 13 -3.98075259691407e-04
29 15 -2.41523369847962e-04
29 16 -1.35351500769658e-04
29 17 -6.03969756866021e-05
29 53 -8.49278469489271e-03
29 54 -2.19781808281988e-02
29 55 -6.01836594290616e-02
29 56 -1.12193184440690e-02
29 57 -2.30943754572265e-03
29 58 -3.74057094518231e-02
29 59 -1.59855441163037e-02
29 60 -4.71902496732396e-03
29 61 -1.09118974584334e-03
29 62 -5.90289032272363e-03
29 63 -7.38474656595755e-04
29 64 -1.89046463521549e-03
29 65 -4.65103272488943e-04
29 66 -5.40703797340925e-04
29 68 -6.56196808520535e-04
30 30 7.09581128930223e+00
30 22 -4.16340544906587e-02
30 23 -3.43217883784130e-01
30 24 -8.76417764477577e-02
30 25 -4.41534420373404e-02
30 26 -2.36939130900428e-01
30 27 -1.31438400171181e+00
30 28 -9.59247310433434e-02
30 29 -1.50535682012216e-01
30 31 -1.04436449808720e-01
30 32 -8.39540421557391e-02
30 33 -1.23992601372819e-01
30 34 -2.80859124501047e-03
30 35 -1.63635812805842e-01
30 36 -8.34261387800623e-02
30 37 -2.28775311234930e-01
30 38 -4.59550836240698e-02
30 39 -4.05147148801319e-01
30 40 -9.81536176445358e-02
30 41 -3.29833344279371e-01
30 42 -1.22719800024551e-02
30 43 -9.04646107878496e-02
30 44 -1.43423248221732e-01
30 45 -5.58013668958356e-02
30 46 -6.85959726017270e-03
30 47 -2.90661103554796e-03
30 48 -5.02178840530306e-02
30 49 -1.11519020377271e-02
30 50 -2.47930420478005e-04
30 51 -3.59292650205030e-03
30 52 -1.82271853311538e-03
30 0 -5.70783652576901e-02
30 1 -4.23943143736648e-03
30 2 -2.71649046802688e-02
30 3 -3.73674198397092e-02
30 4 -4.23994588562945e-01
30 5 -3.30875516563081e-01
30 6 -2.26594357624617e-01
30 7 -5.73919565194984e-02
30 8 -6.47105224424739e-04
30 9 -1.99175197987205e-02
30 10 -1.09468095690681e-02
30 11 -1.40963747314274e-01
30 12 -1.97693470639234e-04
30 13 -6.24136453169480e-03
30 14 -7.27414234767940e-03
30 15 -3.46713364580936e-02
30 16 -8.53523693391089e-03
30 17 -8.16049710583214e-04
30 18 -3.65770572688014e-02
30 19 -6.48436120963651e-03
30 20 -1.03842759248230e-05
30 53 -5.10370044807241e-02
30 54 -1.00661042481325e-01
30 55 -1.24583147070531e-02
30 56 -7.28558412657917e-02
30 57 -1.36335174286807e-02
30 58 -1.88463013067196e-01
30 59 -1.29065893223144e-01
30 60 -2.56554275569846e-02
30 61 -2.56965914771997e-02
30 62 -2.05301847575867e-02
30 63 -7.67089334344022e-03
30 64 -1.96651806866848e-03
30 65 -2.47699067012633e-03
30 68 -2.65750305367303e-04
31 31 5.26595021106752e+00
31 22 -3.38451835949588e-04
31 23 -4.17764301975999e-02
31 24 -6.85767943816116e-02
31 25 -1.62565181264839e-05
31 26 -8.74893237378134e-04
31 27 -1.32435741150362e-02
31 28 -5.86171054519721e-03
31 29 -1.70873250848408e-01
31 30 -1.04436449808720e-01
31 32 -4.54472111954284e-01
31 33 -7.01262681852858e-02
31 35 -3.88280043773696e-05
31 36 -1.20721552886447e+00
31 37 -7.47949082200629e-05
31 39 -1.47645243519167e-02
31 41 -3.14767655002503e-02
31 43 -1.21361463602150e-04
31 44 -2.02132894704787e-04
31 45 -6.50675561484760e-03
31 46 -4.82633813506987e-03
31 48 -7.94638210547450e-05
31 49 -7.96832010686942e-04
31 0 -1.68228581416477e-02
31 1 -8.99149299020876e-06
31 2 -1.94854384482957e-03
31 3 -4.19989803294891e-02
31 4 -1.56601463421934e-02
31 5 -8.31214515664473e-02
31 6 -1.65439378330787e-03
31 7 -1.60832785242384e-04
31 11 -1.73705508726553e-01
31 13 -4.10511948889389e-03
31 15 -1.34666327997817e-04
31 16 -3.08378815244645e-04
31 17 -6.25228904433753e-04
31 19 -1.23097817257178e-05
31 53 -3.64807492422682e-05
31 54 -4.31319314178535e-03
31 55 -1.37592641070123e-02
31 56 -4.16889656345893e-05
31 57 -4.83034445406474e-05
31 58 -9.43746975588945e-03
31 59 -2.76241116829136e-04
31 60 -8.53131982594024e-05
31 61 -3.35642207935253e-05
31 62 -9.47824846468091e-04
31 64 -1.49643032521117e-03
31 66 -9.20833543602491e-04
31 68 -7.77019704250957e-06
32 32 5.45342472594489e+00
32 22 -3.31356537280360e-05
32 23 -9.18421706451643e-02
32 24 -6.49989464697919e-02
32 26 -2.16601850994835e-04
32 27 -3.44966427787546e-02
32 28 -7.11640215688628e-02
32 29 -1.23235232919050e+00
32 30 -8.39540421557391e-02
32 31 -4.54472111954283e-01
32 33 -1.23949172600915e+00
32 35 -3.93096711721114e-03
32 36 -1.62528282672880e-01
32 37 -5.11445039528470e-02
32 38 -1.37827902128485e-04
32 39 -8.83225104686816e-02
32 40 -1.50345994407155e-03
32 41 -2.74643867185481e-01
32 43 -1.28395920149019e-03
32 44 -7.20241019985132e-03
32 45 -3.34007191242548e-02
32 46 -8.94769223462555e-02
32 48 -8.84070500168145e-03
32 49 -8.43455006239161e-03
32 0 -9.43305316751084e-04
32 2 -1.54357511026035e-04
32 3 -2.39083892440509e-02
32 4 -2.72727575209315e-02
32 5 -1.15308008911015e-01
32 6 -2.55132436193399e-04
32 11 -5.78355088601250e-02
32 13 -1.45552245486768e-03
32 15 -1.96888293881696e-03
32 16 -3.21098301873733e-03
32 17 -1.96591353919979e-03
32 21 -7.99542958684338e-05
32 53 -1.96508828243497e-03
32 54 -1.87112837761438e-02
32 55 -2.67522398221752e-02
32 56 -4.19726471517793e-03
32 57 -8.94266149655172e-04
32 58 -9.34216944678696e-02
32 59 -4.17728184159737e-02
32 60 -5.22779912759061e-03
32 61 -9.16025358385584e-04
32 62 -2.04433136342186e-02
32 63 -4.02987586911029e-03
32 64 -1.58088233669498e-02
32 65 -3.02771051600117e-03
32 66 -4.85473419733967e-03
32 68 -1.09518997220591e-03
33 33 5.02551191216291e+00
33 22 -9.42323109566775e-04
33 23 -2.50884062068271e-02
33 24 -1.13089033506329e-01
33 25 -4.96047457480940e-05
33 26 -3.40062667108263e-04
33 27 -1.77768179805818e-02
33 28 -4.30686787138049e-02
33 29 -2.61755706520614e-01
33 30 -1.23992601372819e-01
33 31 -7.01262681852859e-02
33 32 -1.23949172600915e+00
33 34 -1.30812638489658e-05
33 35 -1.89658979872989e-03
33 36 -5.99285113035334e-02
33 37 -4.84799317678036e-02
33 38 -2.00674672182832e-05
33 39 -2.90047542773946e-02
33 40 -1.38676308600014e-04
33 41 -1.79213685481926e-01
33 42 -5.43142036580871e-06
33 43 -2.44725878184345e-04
33 44 -4.46039710975067e-03
33 45 -1.19635189909669e-02
33 46 -2.65074133971208e-02
33 47 -1.63777194866723e-05
33 48 -1.35976916402772e-02
33 49 -1.02717374262612e-02
33 0 -1.01764537718868e-03
33 2 -1.71407893098148e-03
33 3 -1.07440970863326e-02
33 4 -5.17675143132483e-03
33 5 -1.00796444501445e-02
33 6 -1.00047643025530e-04
33 11 -4.18797979526177e-02
33 15 -7.43756939742407e-04
33 16 -3.15496164793818e-03
33 17 -1.04908286737162e-03
33 21 -1.44711382928545e-04
33 53 -1.21508575123515e-02
33 54 -6.16022255881909e-02
33 55 -1.41562556067025e-01
33 56 -2.10334401119772e-02
33 57 -6.11872745078245e-03
33 58 -1.64052032493704e-01
33 59 -8.35191159055186e-02
33 60 -2.20810264285941e-02
33 61 -4.15542487870897e-03
33 62 -4.63991097349291e-02
33 63 -1.38906995370380e-02
33 64 -5.25212484912044e-02
33 65 -9.82294762259896e-03
33 66 -1.31179817176751e-02
33 67 -1.20316315410281e-05
33 68 -5.54600349623154e-03
34 34 5.00726956004890e+00
34 22 -1.50487914960484e-02
34 23 -1.57828442643739e-04
34 24 -9.75910252761640e-06
34 25 -2.57252198418975e-01
34 26 -1.77559324293068e-03
34 27 -1.33127672337816e-04
34 28 -2.62906113257450e-02
34 29 -1.31743288980089e-05
34 30 -2.80859124501047e-03
34 33 -1.30812638489658e-05
34 35 -1.36171547709198e-01
34 37 -1.81752933599759e-02
34 38 -1.91490610951737e-01
34 39 -4.17428205937080e-05
34 40 -6.44119670740274e-02
34 42 -5.46565468826148e-02
34 43 -1.36503719306628e-03
34 44 -1.37439741241875e-04
34 47 -6.04089085390030e-02
34 48 -4.13159849069609e-03
34 50 -7.78666646728488e-03
34 51 -3.11010266166199e-03
34 0 -1.15893267101644e-04
34 1 -2.18283938672181e-02
34 2 -6.44336502033661e-04
34 4 -2.81934458007035e-03
34 5 -1.61963872763354e-05
34 6 -4.23688624558506e-02
34 7 -1.06612002724996e-01
34 8 -4.53473328257383e-02
34 9 -1.38929655561167e-02
34 10 -3.13003212129461e-01
34 11 -1.20151989015396e-05
34 12 -1.46089134298949e-01
34 14 -3.32666350654858e-02
34 15 -2.70008014007457e-05
34 18 -2.18293587340142e-03
34 20 -2.11929314700433e-04
34 53 -3.64031722192018e-02
34 54 -2.59087060608777e-03
34 55 -3.61783902002702e-05
34 56 -2.27838843620166e-02
34 57 -3.81458671569668e-02
34 58 -1.30865496381688e-03
34 59 -3.65378456150187e-03
34 60 -1.02059445821633e-03
34 61 -2.54099789130790e-02
34 62 -1.73004255164610e-04
34 63 -2.73229644605785e-04
34 64 -5.11761982580004e-06
34 67 -1.27156274914363e-02
34 68 -5.98614951075800e-06
35 35 5.00053251180281e+00
35 22 -1.13122980444423e-01
35 23 -9.40387208896723e-04
35 24 -2.13879559606915e-04
35 25 -1.02664067965806e-01
35 26 -2.20923536029278e-01
35 27 -7.98088271865387e-04
35 28 -1.01027319479640e-01
35 29 -7.73625541775823e-04
35 30 -1.63635812805842e-01
35 31 -3.88280043773696e-05
35 32 -3.93096711721114e-03
35 33 -1.89658979872989e-03
35 34 -1.36171547709198e-01
35 37 -4.02578222913698e-01
35 38 -4.43619273993642e-01
35 39 -1.11299854135689e-01
35 40 -4.79194106378824e-01
35 41 -1.75739321807807e-02
35 42 -1.11491766298046e-01
35 43 -1.94639625188274e-01
35 44 -1.06360694959980e-01
35 45 -3.56497138793197e-03
35 47 -4.06463639385071e-02
35 48 -3.91406950236532e-02
35 49 -1.63597924184246e-03
35 50 -3.23786318769787e-03
35 51 -1.69859839933312e-02
35 52 -6.72368419142282e-04
35 0 -1.07771971921389e-03
35 1 -2.37642753826029e-02
35 2 -2.14382960580056e-03
35 3 -1.20220215325501e-04
35 4 -6.79145356231211e-02
35 5 -3.46009204214362e-02
35 6 -6.27468973183893e-01
35 7 -1.58229564351921e-01
35 8 -8.93282806681889e-03
35 9 -5.48376783122078e-02
35 10 -7.05066142019628e-02
35 11 -2.24066893951665e-02
35 12 -1.21812586343212e-02
35 13 -7.21654686641059e-05
35 14 -3.86590635088512e-02
35 15 -2.98238080808636e-02
35 16 -3.75089925248074e-04
35 18 -5.91978884482464e-02
35 19 -7.23317764067195e-05
35 20 -8.17748421802724e-06
35 53 -5.04591361078756e-02
35 54 -1.98627486922485e-02
35 55 -9.00030475178210e-05
35 56 -8.03028937268066e-02
35 57 -4.01381014759210e-02
35 58 -1.89292716255388e-02
35 59 -3.98733036314413e-02
35 60 -4.23798968132293e-03
35 61 -4.03116783578965e-02
35 62 -2.96603207838935e-03
35 63 -2.23700783905293e-03
35 64 -5.21151019157075e-05
35 65 -3.01065938700939e-04
35 67 -4.24823902817307e-03
35 68 -2.11436002523784e-06
36 36 5.35448218600257e+00
36 22 -8.73097447138612e-05
36 23 -1.07826437989304e-02
36 24 -1.03134698456092e-02
36 26 -3.08637915646246e-04
36 27 -4.59102989407464e-03
36 28 -7.27801668847421e-03
36 29 -4.21181154248945e-02
36 30 -8.34261387800623e-02
36 31 -1.20721552886447e+00
36 32 -1.62528282672880e-01
36 33 -5.99285113035334e-02
36 37 -1.03856483298373e-02
36 39 -7.12420191974442e-02
36 40 -3.80230716751786e-04
36 41 -3.00216972300881e-01
36 42 -3.49477122525604e-06
36 43 -1.27421591526151e-03
36 44 -3.32148045921186e-03
36 45 -2.24228853034251e-02
36 46 -2.27393312388482e-01
36 48 -2.48692183464563e-03
36 49 -6.36831589778292e-03
36 51 -2.60703988435872e-06
36 52 -2.02028150081769e-05
36 0 -2.48553256467310e-03
36 2 -4.06719450684847e-04
36 3 -8.07173597982908e-03
36 4 -1.35320640542835e-02
36 5 -1.27877432449075e-01
36 6 -6.28002144031081e-04
36 9 -1.39983675158116e-06
36 11 -1.79759781405581e-01
36 13 -7.03743622095940e-03
36 14 -4.94223594829202e-06
36 15 -3.96825869442662e-03
36 16 -6.32432733523356e-03
36 17 -4.01070752618825e-02
36 18 -1.44687827688215e-04
36 19 -5.37255062284394e-04
36 21 -3.15234163838672e-04
36 53 -8.25141235053821e-05
36 54 -3.70481783494603e-03
36 55 -7.47352257417360e-03
36 56 -9.42943478583624e-05
36 57 -1.09255332506831e-04
36 58 -3.07468728458415e-02
36 59 -1.00500033595999e-02
36 60 -1.26128602133992e-03
36 61 -1.55506994581923e-04
36 62 -8.18629384287342e-03
36 63 -1.43593083140295e-03
36 64 -1.00471907777689e-02
36 65 -1.22638653752249e-03
36 66 -4.53499006223810e-03
36 68 -3.14318434626324e-04
37 37 5.04769403704369e+00
37 22 -2.99434815733392e-02
37 23 -3.55518550451706e-02
37 24 -7.50023532818491e-03
37 25 -6.48321646911819e-02
37 26 -1.72054487166228e-01
37 27 -7.00278161104398e-02
37 28 -2.27657587132053e-01
37 29 -2.70372438798872e-02
37 30 -2.28775311234930e-01
37 31 -7.47949082200629e-05
37 32 -5.11445039528469e-02
37 33 -4.84799317678035e-02
37 34 -1.81752933599759e-02
37 35 -4.02578222913698e-01
37 36 -1.03856483298373e-02
37 38 -8.88715591714134e-02
37 39 -2.11849953663089e-01
37 40 -6.01706413059187e-01
37 41 -1.41454897837265e-01
37 42 -1.76890854081848e-02
37 43 -2.60530141468690e-01
37 44 -1.22407208863659e-01
37 45 -1.67850790617490e-02
37 46 -3.04613129864997e-03
37 47 -5.52074105001520e-02
37 48 -1.13373893100434e-01
37 49 -9.67972252502473e-03
37 50 -1.71463522556991e-03
37 51 -5.55349730738153e-03
37 52 -5.52763531366021e-03
37 0 -5.33153564940458e-04
37 1 -2.62742184251059e-03
37 2 -2.22023288536380e-03
37 3 -1.25454815851042e-04
37 4 -5.45396339503068e-02
37 5 -3.24015370029001e-02
37 6 -1.75017886810644e-01
37 7 -2.44584983339500e-02
37 9 -6.90633380678995e-03
37 10 -1.42693528075876e-02
37 11 -2.93490364059785e-02
37 12 -1.04590063615053e-03
37 14 -5.18984798763188e-03
37 15 -2.37877087156505e-02
37 16 -1.02668128636927e-03
37 17 -9.34655629819411e-06
37 18 -1.72788937238357e-02
37 21 -6.62888724969189e-05
37 53 -9.12499229183087e-02
37 54 -1.25564831948949e-01
37 55 -1.85173800002211e-03
37 56 -1.49080040750218e-01
37 57 -7.97499237358735e-02
37 58 -1.78011928797476e-01
37 59 -1.20683352958730e-01
37 60 -6.00112039170473e-02
37 61 -1.21966506518551e-01
37 62 -2.80437328133559e-02
37 63 -1.26663355062532e-02
37 64 -4.65291686039328e-03
37 65 -1.90144892196687e-02
37 66 -1.00336899726615e-03
37 67 -5.02185643087077e-03
37 68 -3.11264626394830e-04
38 38 5.23847226695932e+00
38 22 -2.47596777619713e-02
38 23 -1.12494419226560e-04
38 24 -1.03185566443827e-05
38 25 -9.46655262429266e-02
38 26 -1.42615936441460e-02
38 27 -9.35882779719001e-05
38 28 -1.47393137309114e-02
38 29 -2.87208234881594e-05
38 30 -4.59550836240698e-02
38 32 -1.37827902128485e-04
38 33 -2.00674672182832e-05
38 34 -1.91490610951737e-01
38 35 -4.43619273993642e-01
38 37 -8.88715591714134e-02
38 39 -3.16955323693067e-02
38 40 -4.64849754817127e-01
38 41 -2.28275198453866e-03
38 42 -1.30221042623888e+00
38 43 -8.86329094806445e-02
38 44 -3.52229094445897e-02
38 45 -4.46259524118003e-04
38 47 -1.28945609613311e-01
38 48 -3.22854728807199e-02
38 49 -4.40043799401885e-04
38 50 -7.50672836980508e-03
38 51 -1.93319268425653e-02
38 52 -2.72430356982798e-04
38 0 -7.70496184510393e-05
38 1 -1.32586776605049e-02
38 2 -5.51329951963488e-04
38 4 -8.82077719794809e-03
38 5 -6.90255513345522e-03
38 6 -1.17942177736606e-01
38 7 -1.71052872406678e-01
38 8 -1.51249162810248e-02
38 9 -1.04865136592820e-01
38 10 -4.93644432365790e-01
38 11 -4.86595293796015e-03
38 12 -7.19871079447080e-02
38 14 -9.40023690716760e-02
38 15 -1.35373067261276e-02
38 18 -4.92110429276955e-02
38 20 -8.53414057097639e-06
38 53 -2.05456916357527e-02
38 54 -3.24584999604730e-03
38 55 -2.50794414056557e-05
38 56 -5.40532383203002e-02
38 57 -4.07739239964888e-02
38 58 -2.89764046276418e-03
38 59 -1.56710560558700e-02
38 60 -1.59608012746637e-03
38 61 -4.83766912098344e-02
38 62 -9.75966188481808e-04
38 63 -9.31586498104245e-04
38 64 -1.24485065265887e-05
38 65 -9.07915215173553e-05
38 67 -1.22996529758090e-02
38 68 -3.80904975721426e-06
39 39 4.93817487760758e+00
39 22 -4.05135360330887e-04
39 23 -1.90771508081198e-02
39 24 -6.86627296167853e-03
39 25 -1.30170077219096e-04
39 26 -9.09805583108982e-03
39 27 -1.03818356289288e-02
39 28 -4.69620403086342e-02
39 29 -1.48832439718227e-02
39 30 -4.05147148801319e-01
39 31 -1.47645243519167e-02
39 32 -8.83225104686817e-02
39 33 -2.90047542773946e-02
39 34 -4.17428205937080e-05
39 35 -1.11299854135689e-01
39 36 -7.12420191974442e-02
39 37 -2.11849953663089e-01
39 38 -3.16955323693067e-02
39 40 -6.77615558974397e-02
39 41 -5.29544727504112e-01
39 42 -1.04986319336446e-02
39 43 -1.06827659109918e-01
39 44 -5.41587596888342e-01
39 45 -5.01927728659348e-01
39 46 -9.15276528904312e-02
39 47 -2.07135611078298e-03
39 48 -7.31507292717993e-02
39 49 -9.84772008025331e-02
39 50 -3.97225897346191e-04
39 51 -3.60433775862918e-03
39 52 -9.08883357836319e-03
39 0 -1.29293834889780e-02
39 2 -2.92308747032909e-03
39 3 -5.59182551437410e-03
39 4 -2.44549629213901e-02
39 5 -4.36902288812094e-02
39 6 -4.80854552825338e-02
39 7 -2.67843709343642e-02
39 8 -5.34733134187671e-04
39 9 -1.46351190311794e-02
39 10 -6.51643068674279e-03
39 11 -2.80019212219335e-01
39 12 -2.55818075244527e-04
39 13 -1.94107237996957e-02
39 14 -7.37661220582913e-03
39 15 -2.44851610005286e-01
39 16 -3.62968772899979e-02
39 17 -3.87926833445077e-03
39 18 -5.79072535939787e-02
39 19 -2.52691809615398e-02
39 20 -1.62472910459398e-05
39 21 -1.68943042139438e-03
39 53 -6.71206803366098e-04
39 54 -7.33531043897688e-03
39 55 -5.27875804080861e-04
39 56 -3.91877493811152e-03
39 57 -1.87166308320630e-04
39 58 -8.73198089700573e-02
39 59 -1.07982267544866e-01
39 60 -1.30067696851678e-02
39 61 -7.98111833274285e-03
39 62 -2.76777300841916e-02
39 63 -1.25243733821130e-02
39 64 -4.42246974026799e-03
39 65 -8.31584629983928e-03
39 66 -6.26835794321891e-04
39 68 -3.00708526766507e-04
40 40 5.06107631810400e+00
40 22 -1.62784667759319e-02
40 23 -3.10393131852685e-04
40 24 -5.22878300117320e-05
40 25 -7.01042159771084e-02
40 26 -1.65312098574917e-02
40 27 -2.51455736891248e-04
40 28 -8.85197978984589e-02
40 29 -2.31932710999529e-04
40 30 -9.81536176445358e-02
40 32 -1.50345994407155e-03
40 33 -1.38676308600014e-04
40 34 -6.44119670740274e-02
40 35 -4.79194106378824e-01
40 36 -3.80230716751786e-04
40 37 -6.01706413059187e-01
40 38 -4.64849754817127e-01
40 39 -6.77615558974397e-02
40 41 -3.85089343451887e-02
40 42 -2.87382770158954e-01
40 43 -3.25389958187458e-01
40 44 -1.15360198493372e-01
40 45 -1.02039617110701e-02
40 46 -1.30405101252049e-03
40 47 -1.09722249026867e-01
40 48 -1.30036325284815e-01
40 49 -1.50615546909195e-02
40 50 -1.28845866302192e-02
40 51 -3.91480490097651e-02
40 52 -9.62085785099496e-03
40 1 -2.38869533548667e-03
40 2 -3.44600275637059e-04
40 4 -4.54783252193709e-03
40 5 -7.70714043728340e-03
40 6 -6.74075448834801e-02
40 7 -3.82497131208792e-02
40 8 -1.78999463086242e-03
40 9 -1.46489282064534e-02
40 10 -6.31431386835114e-02
40 11 -6.11559097224500e-03
40 12 -1.80494577921288e-02
40 14 -4.85685241837987e-02
40 15 -2.11226413312592e-02
40 16 -1.51656237043921e-03
40 18 -7.01459860051522e-02
40 20 -2.37024074235964e-05
40 53 -7.17861480268298e-02
40 54 -4.23541716782155e-02
40 55 -6.67906929417345e-04
40 56 -1.09174981759313e-01
40 57 -8.89232817269087e-02
40 58 -6.70390645191640e-02
40 59 -1.36763707660691e-01
40 60 -4.75767207409895e-02
40 61 -1.63535354572412e-01
40 62 -1.89259149451158e-02
40 63 -1.94676239723256e-02
40 64 -2.75798562062086e-04
40 65 -1.51414095956065e-02
40 67 -1.99008992520103e-02
40 68 -4.90946655890128e-05
41 41 5.72360830992859e+00
41 22 -2.18653959660711e-04
41 23 -1.75211490397368e-02
41 24 -1.03236279774661e-02
41 26 -1.45966303827737e-04
41 27 -1.07535211180359e-02
41 28 -5.53467635830271e-02
41 29 -2.66625904253731e-02
41 30 -3.29833344279371e-01
41 31 -3.14767655002503e-02
41 32 -2.74643867185481e-01
41 33 -1.79213685481926e-01
41 35 -1.75739321807808e-02
41 36 -3.00216972300881e-01
41 37 -1.41454897837265e-01
41 38 -2.28275198453866e-03
41 39 -5.29544727504112e-01
41 40 -3.85089343451887e-02
41 42 -1.86417550667540e-03
41 43 -4.48796700514782e-02
41 44 -1.33308831873593e-01
41 45 -4.67399563746274e-01
41 46 -1.66531411166808e-01
41 47 -3.75071883393385e-03
41 48 -8.03105459180510e-02
41 49 -6.89005026678939e-02
41 50 -3.67165765401517e-04
41 51 -1.29520166541172e-03
41 52 -3.98254129583276e-02
41 0 -2.47583682389925e-04
41 2 -4.04278893187781e-04
41 3 -4.92676134743503e-03
41 4 -1.70754601807103e-02
41 5 -8.15918546429755e-02
41 9 -8.11531267844518e-05
41 11 -3.03720819766517e-01
41 13 -3.69775441804422e-03
41 14 -5.39888978817262e-04
41 15 -8.24981907446728e-02
41 16 -3.78208519424275e-02
41 17 -2.42731760061664e-02
41 18 -7.65764020024469e-03
41 19 -8.72214544608489e-03
41 21 -9.26489930139110e-03
41 53 -2.53779611185304e-03
41 54 -8.99219326929373e-03
41 55 -3.15702413732900e-02
41 56 -5.07130594397190e-03
41 57 -1.61419826090525e-03
41 58 -2.24012496880989e-01
41 59 -1.39626187278134e-01
41 60 -5.02228117219130e-02
41 61 -1.19006991770011e-02
41 62 -1.30941415761431e-01
41 63 -1.33938942783771e-02
41 64 -1.46131440775063e-01
41 65 -3.97354902839639e-02
41 66 -7.11921509702275e-02
41 68 -2.24320446604493e-02
42 42 5.03952426065104e+00
42 22 -5.26984796325163e-04
42 23 -5.92046221832877e-05
42 24 -4.05203876571158e-06
42 25 -1.27886306663799e-02
42 26 -2.56094381139138e-03
42 27 -4.97879659090333e-05
42 28 -3.70625469755361e-03
42 29 -5.47006154058768e-06
42 30 -1.22719800024551e-02
42 33 -5.43142036580871e-06
42 34 -5.46565468826148e-02
42 35 -1.11491766298046e-01
42 36 -3.49477122525604e-06
42 37 -1.76890854081848e-02
42 38 -1.30221042623888e+00
42 39 -1.04986319336446e-02
42 40 -2.87382770158953e-01
42 41 -1.86417550667540e-03
42 43 -3.56446329981665e-01
42 44 -3.78378565639694e-02
42 45 -2.12123815949604e-03
42 46 -1.83569656944572e-04
42 47 -2.49348864554931e-01
42 48 -1.08167705114522e-01
42 49 -5.41332538716650e-03
42 50 -9.52480636973508e-02
42 51 -5.39903694232709e-02
42 52 -1.46522680432346e-02
42 0 -4.81078383283719e-05
42 1 -3.16589325833588e-04
42 2 -8.86195285336765e-05
42 4 -3.20298389778252e-03
42 5 -4.96475504121408e-03
42 6 -3.07148914760057e-02
42 7 -7.48753772467330e-02
42 8 -1.96095003926788e-02
42 9 -3.90218930627714e-02
42 10 -2.47669184022272e-01
42 11 -3.66431533117932e-03
42 12 -1.75667071472572e-01
42 13 -1.44145297467216e-04
42 14 -2.77623726390879e-01
42 15 -3.30115915500768e-02
42 16 -6.07528248078989e-04
42 18 -6.74175548967817e-02
42 19 -2.10793637151138e-04
42 20 -7.29822691117316e-03
42 53 -3.99199952732085e-03
42 54 -1.07574524430931e-03
42 55 -1.50214878015366e-05
42 56 -5.37022704875568e-03
42 57 -1.48903931602986e-02
42 58 -5.43361505765638e-04
42 59 -1.67161735598211e-02
42 60 -2.04339666324082e-03
42 61 -9.32516538373992e-02
42 62 -1.85047117560811e-03
42 63 -2.23194003721210e-03
42 64 -5.52688456919222e-05
42 65 -1.02318575589819e-02
42 67 -5.19008300984618e-02
42 68 -7.09651567938034e-06
43 43 5.37284393367911e+00
43 22 -2.01270624484247e-04
43 23 -4.86958222924755e-04
43 24 -8.08529622777439e-05
43 25 -5.65063741707173e-04
43 26 -1.03736954342601e-02
43 27 -2.41409966676774e-04
43 28 -7.61178676831698e-03
43 29 -1.87661717908534e-04
43 30 -9.04646107878496e-02
43 31 -1.21361463602150e-04
43 32 -1.28395920149019e-03
43 33 -2.44725878184345e-04
43 34 -1.36503719306628e-03
43 35 -1.94639625188274e-01
43 36 -1.27421591526151e-03
43 37 -2.60530141468690e-01
43 38 -8.86329094806445e-02
43 39 -1.06827659109918e-01
43 40 -3.25389958187458e-01
43 41 -4.48796700514782e-02
43 42 -3.56446329981665e-01
43 44 -1.38742519349454e+00
43 45 -5.16861517595627e-02
43 46 -4.34781088597098e-03
43 47 -1.07622090558601e-01
43 48 -1.57515455082154e-01
43 49 -8.07269344740744e-02
43 50 -2.40618757265456e-02
43 51 -1.51587703951941e-01
43 52 -9.64286457448851e-02
43 0 -1.45726018540844e-03
43 1 -3.94362372205308e-05
43 2 -6.56776383682661e-04
43 3 -2.42493764621225e-04
43 4 -2.97851948629733e-02
43 5 -5.57661548502199e-03
43 6 -7.47793524919339e-02
43 7 -7.04263204304472e-02
43 8 -8.40076796194230e-03
43 9 -6.51548025477103e-02
43 10 -5.19022627004192e-02
43 11 -8.34456948888477e-03
43 12 -1.76547653763085e-02
43 13 -2.86467793265534e-03
43 14 -1.41524656889359e-01
43 15 -1.60141709059667e-01
43 16 -7.64406185121372e-03
43 17 -3.13303327580348e-04
43 18 -1.23403919842210e-01
43 19 -3.60465715271870e-03
43 20 -2.44487789216881e-04
43 21 -2.36095644247876e-04
43 53 -1.24875508869811e-03
43 54 -1.49056879824476e-03
43 55 -1.08173191596359e-05
43 56 -7.63393254012018e-03
43 57 -1.79429739262021e-03
43 58 -1.01356672903463e-02
43 59 -1.02002962438614e-01
43 60 -1.09772441742491e-02
43 61 -7.84159953674465e-02
43 62 -1.22416806509980e-02
43 63 -1.50734760182995e-02
43 64 -5.33485467837174e-04
43 65 -4.21647079956926e-02
43 67 -9.74473965078168e-03
43 68 -5.15192799715327e-06
44 44 5.09060793220669e+00
44 22 -1.93035640997904e-04
44 23 -1.46233003468655e-03
44 24 -3.94820100397632e-04
44 25 -1.39481918305336e-04
44 26 -4.54596309541895e-03
44 27 -1.00653490228612e-03
44 28 -1.48935438362438e-02
44 29 -1.33022371369701e-03
44 30 -1.43423248221732e-01
44 31 -2.02132894704787e-04
44 32 -7.20241019985132e-03
44 33 -4.46039710975067e-03
44 34 -1.37439741241875e-04
44 35 -1.06360694959980e-01
44 36 -3.32148045921186e-03
44 37 -1.22407208863659e-01
44 38 -3.52229094445897e-02
44 39 -5.41587596888342e-01
44 40 -1.15360198493371e-01
44 41 -1.33308831873593e-01
44 42 -3.78378565639694e-02
44 43 -1.38742519349454e+00
44 45 -2.63834348231707e-01
44 46 -3.15009916420297e-02
44 47 -1.81597949446435e-02
44 48 -1.84893699668024e-01
44 49 -7.32767320313267e-02
44 50 -2.12568795951461e-03
44 51 -1.92426647412474e-02
44 52 -1.49623714782123e-01
44 0 -1.91295648476737e-03
44 2 -7.30561527834586e-04
44 3 -3.51176161363556e-04
44 4 -3.42374730680712e-02
44 5 -2.46843718374313e-02
44 6 -2.78786010692774e-02
44 7 -2.07389646407031e-02
44 8 -1.10252242394994e-03
44 9 -2.00554854252466e-02
44 10 -7.48812748025907e-03
44 11 -4.95305943026976e-02
44 12 -6.12459011954011e-04
44 13 -8.30542624712468e-03
44 14 -2.41824059866675e-02
44 15 -2.61873674623899e-01
44 16 -5.67734572589718e-02
44 17 -5.00619656984328e-04
44 18 -1.93713790532468e-01
44 19 -2.40075466434451e-02
44 20 -8.74880498189260e-05
44 21 -2.53194255719598e-03
44 53 -1.32885990296202e-03
44 54 -4.52577061278962e-03
44 55 -1.60084210703445e-04
44 56 -7.01817587685032e-03
44 57 -4.02482518827446e-04
44 58 -5.31680718724783e-02
44 59 -3.35015253928991e-02
44 60 1.09459190530629e-03
44 61 -2.62424383921625e-02
44 62 -4.24118585641155e-02
44 63 -2.59048494490094e-02
44 64 -1.04789012306277e-02
44 65 -7.22421894962251e-02
44 66 -1.99626077569480e-03
44 67 -9.06419315815174e-05
44 68 -2.49825766646480e-04
45 45 5.11269058407497e+00
45 23 -3.71028227849914e-03
45 24 -1.59713010345694e-03
45 26 -2.24787390525750e-04
45 27 -1.27203521481504e-03
45 28 -4.44030408776233e-03
45 29 -4.84266066008715e-03
45 30 -5.58013668958356e-02
45 31 -6.50675561484760e-03
45 32 -3.34007191242548e-02
45 33 -1.19635189909669e-02
45 35 -3.56497138793197e-03
45 36 -2.24228853034251e-02
45 37 -1.67850790617490e-02
45 38 -4.46259524118003e-04
45 39 -5.01927728659348e-01
45 40 -1.02039617110701e-02
45 41 -4.67399563746274e-01
45 42 -2.12123815949604e-03
45 43 -5.16861517595627e-02
45 44 -2.63834348231707e-01
45 46 -1.24672541182685e+00
45 47 -2.51146810514157e-03
45 48 -8.90305129470864e-02
45 49 -1.98161672003671e-01
45 50 -3.82196181191503e-04
45 51 -3.20048626960734e-03
45 52 -7.02111256325873e-02
45 0 -1.29854157123073e-04
45 2 -1.68216307790800e-05
45 3 -1.21382236886597e-03
45 4 -1.11306282399365e-02
45 5 -7.72057682272432e-02
45 6 -7.26198129389402e-04
45 7 -2.72808797228218e-04
45 8 -5.95979503358570e-06
45 9 -5.57979791867281e-04
45 11 -2.93592502376058e-01
45 12 -4.28926581828767e-06
45 13 -2.88257857123894e-02
45 14 -1.42319126986954e-03
45 15 -2.44657589377584e-01
45 16 -1.95022270929800e-01
45 17 -1.61491664654455e-02
45 18 -5.35024731241002e-02
45 19 -1.21679457545023e-01
45 21 -9.07614252853736e-03
45 53 -1.23163449336577e-04
45 54 -1.48966639137026e-03
45 55 -8.42840491772454e-04
45 56 -4.10172517288964e-04
45 57 -8.65644636982532e-05
45 58 -4.52161941733768e-02
45 59 -5.52094187587471e-02
45 60 -4.37157736967432e-03
45 61 -2.28975690043950e-03
45 62 -5.01205727517622e-02
45 63 -2.23948948254689e-02
45 64 -3.02554399343147e-02
45 65 -5.41647849719498e-02
45 66 -2.27317296179605e-02
45 68 -6.19656283019763e-03
46 46 5.08487102025282e+00
46 23 -5.83488364113622e-05
46 24 -4.68596761883669e-04
46 27 -1.75105734054256e-05
46 28 -8.50115116656404e-04
46 29 -9.88483982879228e-04
46 30 -6.85959726017270e-03
46 31 -4.82633813506987e-03
46 32 -8.94769223462555e-02
46 33 -2.65074133971208e-02
46 36 -2.27393312388482e-01
46 37 -3.04613129864997e-03
46 39 -9.15276528904312e-02
46 40 -1.30405101252049e-03
46 41 -1.66531411166808e-01
46 42 -1.83569656944572e-04
46 43 -4.34781088597098e-03
46 44 -3.15009916420297e-02
46 45 -1.24672541182685e+00
46 47 -2.88351721932474e-04
46 48 -2.84692822215485e-02
46 49 -1.20395854391328e-01
46 51 -2.44106161311542e-04
46 52 -1.37594216970279e-02
46 3 -3.76649245887335e-05
46 4 -1.28786613353810e-03
46 5 -1.14850854420649e-02
46 9 -1.27182130278750e-05
