53 67 53 67
53 53 6.02327324109792e+00
53 54 -1.38979775387749e+00
53 55 -3.27091889095502e-03
53 56 -1.33292185275767e+00
53 57 -3.25856239929988e-01
53 58 -5.67300597234183e-02
53 59 -4.61916769924463e-02
53 60 -1.95557248309206e-02
53 61 -6.04865878018998e-02
53 62 -3.43129286488127e-03
53 63 -2.66669274635133e-03
53 64 -9.07910146425094e-04
53 65 -3.43767132719611e-04
53 66 -1.81502734777684e-04
53 67 -6.34981672321165e-03
53 0 -1.01628782296517e-04
53 1 -3.26634711075834e-02
53 2 -1.94095122254195e-02
53 3 -1.32852230512227e-04
53 4 -5.74407145110557e-03
53 5 -1.14506327031145e-04
53 6 -3.89131078304634e-02
53 7 -2.44731509273331e-02
53 8 -2.37239019170643e-05
53 9 -9.47498400403927e-05
53 10 -1.38696876499492e-02
53 11 -1.47080368916878e-04
53 12 -1.54016619305319e-03
53 14 -1.12445096095205e-03
53 15 -2.34505714424496e-04
53 18 -3.32204741470099e-04
53 22 -1.83117112914754e-01
53 23 -2.71253488764250e-02
53 24 -5.89930107023177e-03
53 25 -1.34847097855539e-01
53 26 -8.82786996841486e-02
53 27 -2.58172066791632e-02
53 28 8.02051078935307e-02
53 29 -8.49278469489271e-03
53 30 -5.10370044807241e-02
53 31 -3.64807492422682e-05
53 32 -1.96508828243497e-03
53 33 -1.21508575123515e-02
53 34 -3.64031722192018e-02
53 35 -5.04591361078756e-02
53 36 -8.25141235053821e-05
53 37 -9.12499229183087e-02
53 38 -2.05456916357527e-02
53 39 -6.71206803366098e-04
53 40 -7.17861480268298e-02
53 41 -2.53779611185304e-03
53 42 -3.99199952732085e-03
53 43 -1.24875508869811e-03
53 44 -1.32885990296202e-03
53 45 -1.23163449336577e-04
53 46 -1.46633385130852e-04
53 47 -1.81065732726116e-02
53 48 -1.08021770642618e-02
53 49 -1.73325274711823e-04
53 50 -3.80879588675628e-04
53 51 -3.45542021957124e-04
53 68 -3.21328547506674e-04
54 54 5.34894178787959e+00
54 53 -1.38979775387749e+00
54 55 -4.90057836753637e-02
54 56 -2.79953156821551e-01
54 57 -1.96852964481751e-01
54 58 -2.37553789155701e-01
54 59 -9.92352058196830e-02
54 60 -1.12240865912576e-01
54 61 -6.72528920188392e-02
54 62 -1.20361815714416e-02
54 63 -6.23869267211147e-03
54 64 -3.15658738595853e-03
54 65 -9.51402024947404e-04
54 66 -6.33062015226323e-04
54 67 -9.89810395048779e-04
54 0 -9.22678660134716e-04
54 1 -2.29421345386807e-03
54 2 -1.58820432620878e-02
54 3 -6.78525930792168e-03
54 4 -4.88042518974862e-03
54 5 -5.62323515479196e-03
54 6 -7.06801331077482e-03
54 11 -4.41405096778350e-03
54 15 -8.18640894086651e-04
54 16 -1.14821393229920e-04
54 17 -2.34860608680698e-05
54 22 -4.39270075772578e-02
54 23 -6.72770862547360e-02
54 24 -2.64674666370394e-02
54 25 -9.68733304743092e-03
54 26 -1.34163557030049e-02
54 27 -5.69858343696648e-02
54 28 -4.06425880190711e-01
54 29 -2.19781808281987e-02
54 30 -1.00661042481326e-01
54 31 -4.31319314178535e-03
54 32 -1.87112837761438e-02
54 33 -6.16022255881909e-02
54 34 -2.59087060608777e-03
54 35 -1.98627486922485e-02
54 36 -3.70481783494603e-03
54 37 -1.25564831948949e-01
54 38 -3.24584999604730e-03
54 39 -7.33531043897687e-03
54 40 -4.23541716782155e-02
54 41 -8.99219326929373e-03
54 42 -1.07574524430931e-03
54 43 -1.49056879824476e-03
54 44 -4.52577061278962e-03
54 45 -1.48966639137026e-03
54 46 -9.14422956654201e-04
54 47 -2.93093626437851e-03
54 48 -2.04099687895769e-02
54 49 -7.85271156569235e-04
54 68 -1.46196435113178e-03
55 55 5.10875352578063e+00
55 53 -3.27091889095502e-03
55 54 -4.90057836753637e-02
55 56 -4.74065520197258e-03
55 57 -3.89360200917297e-03
55 58 -1.33347020763509e-01
55 59 -1.11116260499536e-02
55 60 -1.60436439460671e-02
55 61 -2.63363302931895e-03
55 62 -1.94897218661011e-02
55 63 -6.36586084055481e-03
55 64 -2.69043319078650e-02
55 65 -2.51955370025267e-03
55 66 -4.80701963232782e-03
55 67 -2.19451130541515e-04
55 2 -1.70929632399404e-04
55 3 -9.68828108179414e-04
55 4 -2.38469632033903e-05
55 5 -1.29701429001114e-04
55 11 -3.93207508273813e-03
55 15 -2.44068634208570e-05
55 16 -2.68599006759552e-04
55 17 -1.06433909405267e-04
55 22 -1.35607387663475e-04
55 23 -1.35260078933198e-02
55 24 -7.47019508261015e-02
55 25 -3.78213894634894e-05
55 26 -4.32247203298060e-05
55 27 -3.81983951593400e-03
55 28 -1.57982935226845e-02
55 29 -6.01836594290616e-02
55 30 -1.24583147070531e-02
55 31 -1.37592641070123e-02
55 32 -2.67522398221752e-02
55 33 -1.41562556067025e-01
55 34 -3.61783902002702e-05
55 35 -9.00030475178210e-05
55 36 -7.47352257417360e-03
55 37 -1.85173800002211e-03
55 38 -2.50794414056557e-05
55 39 -5.27875804080861e-04
55 40 -6.67906929417345e-04
55 41 -3.15702413732900e-02
55 42 -1.50214878015366e-05
55 43 -1.08173191596359e-05
55 44 -1.60084210703445e-04
55 45 -8.42840491772454e-04
55 46 -3.35956324962560e-03
55 47 -1.67335016771268e-04
55 48 -1.70162484793832e-03
55 49 -9.52272010460890e-04
55 68 -2.71147027423219e-03
56 56 5.15923456634208e+00
56 53 -1.33292185275767e+00
56 54 -2.79953156821551e-01
56 55 -4.74065520197257e-03
56 57 -6.61380544444028e-01
56 58 -1.71458795826442e-01
56 59 -1.07985586825802e-01
56 60 -1.39274725495556e-01
56 61 -1.31377737461544e-01
56 62 -1.11734461376715e-02
56 63 -1.15985774989619e-02
56 64 -1.11446467981531e-03
56 65 -7.84161715187198e-04
56 66 -2.07415182799035e-04
56 67 -2.08892220873863e-02
56 0 -3.06635936851967e-05
56 1 -5.00861537660896e-03
56 2 -3.11499496698039e-03
56 3 -6.60077394695524e-05
56 4 -2.25853052517410e-03
56 5 -5.27335469004827e-04
56 6 -3.89060955462427e-02
56 7 -6.01569194448875e-03
56 9 -6.00548593203149e-05
56 10 -5.79779168694305e-03
56 11 -4.62239232091455e-04
56 12 -1.27654593292413e-03
56 14 -1.35970948101270e-03
56 15 -1.12658706090444e-03
56 18 -1.20132161606954e-03
56 22 -2.06391314366467e-02
56 23 -1.21364064603219e-02
56 24 -5.12669838364326e-03
56 25 -9.98275813340439e-02
56 26 -2.34109052384000e-02
56 27 -1.27331666399760e-02
56 28 -1.97936916268003e-01
56 29 -1.12193184440690e-02
56 30 -7.28558412657917e-02
56 31 -4.16889656345893e-05
56 32 -4.19726471517793e-03
56 33 -2.10334401119772e-02
56 34 -2.27838843620166e-02
56 35 -8.03028937268066e-02
56 36 -9.42943478583624e-05
56 37 -1.49080040750218e-01
56 38 -5.40532383203002e-02
56 39 -3.91877493811152e-03
56 40 -1.09174981759313e-01
56 41 -5.07130594397190e-03
56 42 -5.37022704875568e-03
56 43 -7.63393254012018e-03
56 44 -7.01817587685032e-03
56 45 -4.10172517288965e-04
56 46 -1.67567670088332e-04
56 47 -6.55667689307220e-02
56 48 -6.17159403669298e-02
56 49 -6.36780604754976e-04
56 50 -8.18707485923608e-04
56 51 -1.00554212083051e-03
56 68 -3.76549634318375e-04
57 57 6.22234185328878e+00
57 53 -3.25856239929988e-01
57 54 -1.96852964481751e-01
57 55 -3.89360200917296e-03
57 56 -6.61380544444028e-01
57 58 -6.81410714987612e-02
57 59 -6.98652484001666e-02
57 60 -8.86559937946231e-02
57 61 -2.03789190401170e-01
57 62 -1.73817224716008e-02
57 63 -1.99549713874566e-02
57 64 -1.81317070145727e-03
57 65 -4.42783008910097e-03
57 66 -2.40324211136311e-04
57 67 -3.33733920581245e-02
57 0 -2.17903959619521e-05
57 1 -5.22719717803057e-03
57 2 -8.94049939363104e-04
57 3 -6.25770388253369e-05
57 4 -4.70981707542106e-04
57 5 -2.76866144400655e-05
57 6 -1.95292835577728e-02
57 7 -4.34484882908914e-03
57 10 -9.16387001741575e-03
57 11 -1.02905872349280e-04
57 12 -3.96804754550105e-03
57 14 -4.90394978971866e-03
57 15 -6.83166825885035e-05
57 22 -1.36698776745280e-02
57 23 -2.31827697894423e-03
57 24 -1.89003202105638e-03
57 25 -1.22570598817079e-01
57 26 -2.16287451960211e-03
57 27 -1.78341724398740e-03
57 28 -7.94138111361342e-02
57 29 -2.30943754572265e-03
57 30 -1.36335174286807e-02
57 31 -4.83034445406474e-05
57 32 -8.94266149655172e-04
57 33 -6.11872745078245e-03
57 34 -3.81458671569668e-02
57 35 -4.01381014759210e-02
57 36 -1.09255332506831e-04
57 37 -7.97499237358735e-02
57 38 -4.07739239964888e-02
57 39 -1.87166308320630e-04
57 40 -8.89232817269088e-02
57 41 -1.61419826090525e-03
57 42 -1.48903931602986e-02
57 43 -1.79429739262021e-03
57 44 -4.02482518827446e-04
57 45 -8.65644636982533e-05
57 46 -1.94154389194094e-04
57 47 -2.73849694079178e-02
57 48 -2.13847752536408e-02
57 49 -1.04907738112039e-04
57 50 -2.73448941999617e-03
57 68 -1.37429571338869e-03
58 58 5.61898841160613e+00
58 53 -5.67300597234184e-02
58 54 -2.37553789155701e-01
58 55 -1.33347020763509e-01
58 56 -1.71458795826442e-01
58 57 -6.81410714987612e-02
58 59 -5.93205162655614e-01
58 60 -2.88188472529180e-01
58 61 -9.97598879698841e-02
58 62 -2.27861210982734e-01
58 63 -5.36144308011291e-02
58 64 -1.56465230258395e-01
58 65 -2.68571423905649e-02
58 66 -1.60149412987403e-02
58 67 -1.87381634563459e-03
58 0 -5.57129702442435e-04
58 1 -1.82322777550381e-04
58 2 -1.67945598868832e-03
58 3 -5.61317021899680e-03
58 4 -5.31287814502303e-03
58 5 -1.06467118499130e-02
58 6 -1.07009211024411e-03
58 11 -3.08117243629088e-02
58 15 -7.49810774506572e-03
58 16 -9.68213953779482e-03
58 17 -7.98752746687946e-04
58 21 -1.55561216078346e-04
58 22 -2.87590628799667e-03
58 23 -5.13357294878436e-02
58 24 -2.44775303246682e-02
58 25 -1.23852717398478e-03
58 26 -3.79191063978696e-03
58 27 -4.03665451290040e-02
58 28 -1.55024459222764e-01
58 29 -3.74057094518231e-02
58 30 -1.88463013067195e-01
58 31 -9.43746975588945e-03
58 32 -9.34216944678696e-02
58 33 -1.64052032493704e-01
58 34 -1.30865496381688e-03
58 35 -1.89292716255388e-02
58 36 -3.07468728458415e-02
58 37 -1.78011928797476e-01
58 38 -2.89764046276418e-03
58 39 -8.73198089700573e-02
58 40 -6.70390645191640e-02
58 41 -2.24012496880989e-01
58 42 -5.43361505765638e-04
58 43 -1.01356672903463e-02
58 44 -5.31680718724783e-02
58 45 -4.52161941733768e-02
58 46 -5.02088570417030e-02
58 47 -2.74209486074631e-03
58 48 -8.93694419731055e-02
58 49 -4.23403963746160e-02
58 52 -3.00722173243848e-03
58 68 -7.96286815829633e-03
59 59 5.36438767697083e+00
59 53 -4.61916769924463e-02
59 54 -9.92352058196830e-02
59 55 -1.11116260499536e-02
59 56 -1.07985586825802e-01
59 57 -6.98652484001666e-02
59 58 -5.93205162655613e-01
59 60 -1.29840350289346e+00
59 61 -2.30203143981214e-01
59 62 -1.82398764598820e-01
59 63 -1.61643952489828e-01
59 64 -6.60514462647202e-02
59 65 -1.72971732014410e-01
59 66 -1.86218079992310e-02
59 67 -1.52483355515065e-02
59 1 -2.58041902353917e-04
59 2 -5.50475192852224e-05
59 3 -4.02645465960232e-05
59 4 -1.79880336373448e-03
59 5 -5.21104898780780e-03
59 6 -3.97307930605169e-03
59 7 -8.83626096446483e-04
59 9 -3.27715303558840e-04
59 10 -2.22956935233587e-03
59 11 -1.36394168842358e-02
59 12 -6.07608815294060e-04
59 14 -2.76474232712564e-03
59 15 -1.23453352521744e-02
59 16 -6.24422083158614e-03
59 17 -3.11799087808015e-04
59 18 -1.98314651876274e-02
59 19 -1.15727977808870e-04
59 21 -8.14173898269523e-04
59 22 -7.00326621728023e-04
59 23 -1.02160072693698e-02
59 24 -5.74390719865002e-03
59 25 -5.49268519680968e-03
59 26 -3.33022410939942e-03
59 27 -1.03151200696171e-02
59 28 -9.77961838702538e-02
59 29 -1.59855441163037e-02
59 30 -1.29065893223144e-01
59 31 -2.76241116829137e-04
59 32 -4.17728184159737e-02
59 33 -8.35191159055186e-02
59 34 -3.65378456150187e-03
59 35 -3.98733036314412e-02
59 36 -1.00500033595999e-02
59 37 -1.20683352958730e-01
59 38 -1.56710560558700e-02
59 39 -1.07982267544866e-01
59 40 -1.36763707660691e-01
59 41 -1.39626187278134e-01
59 42 -1.67161735598211e-02
59 43 -1.02002962438614e-01
59 44 -3.35015253928991e-02
59 45 -5.52094187587471e-02
59 46 -2.96969993389332e-02
59 47 -7.66596701268589e-02
59 48 -1.30461719377115e-02
59 49 -5.19950999176958e-02
59 50 -1.64825115021332e-03
59 51 -6.20337857573686e-03
59 52 -3.17094076282037e-02
59 68 -1.35793121160502e-02
60 60 4.99970127182939e+00
60 53 -1.95557248309206e-02
60 54 -1.12240865912576e-01
60 55 -1.60436439460671e-02
60 56 -1.39274725495556e-01
60 57 -8.86559937946231e-02
60 58 -2.88188472529180e-01
60 59 -1.29840350289346e+00
60 61 -3.32765002346097e-01
60 62 -5.13395848573800e-01
60 63 -3.02308562957004e-01
60 64 -4.72646809064078e-02
60 65 -6.15691305806228e-02
60 66 -6.14735894820459e-03
60 67 -1.05578822522273e-02
60 2 -4.42409286981448e-05
60 3 -6.78682031387702e-05
60 4 -1.45557997292068e-04
60 5 -4.29062224327836e-04
60 6 -8.38120197533493e-05
60 11 -1.53027862240772e-03
60 14 -2.34107683187499e-04
60 15 -6.35587207177187e-04
60 16 -2.67308498743687e-04
60 17 -1.85822409674930e-05
60 18 -2.46423665773531e-03
60 22 -6.01959450853566e-05
60 23 -1.92690764524563e-03
60 24 -3.43598198920222e-03
60 25 -6.38617413659648e-04
60 26 -2.81754236068130e-04
60 27 -1.40033063310364e-03
60 28 -2.29947548651008e-02
60 29 -4.71902496732396e-03
60 30 -2.56554275569846e-02
60 31 -8.53131982594024e-05
60 32 -5.22779912759061e-03
60 33 -2.20810264285941e-02
60 34 -1.02059445821633e-03
60 35 -4.23798968132293e-03
60 36 -1.26128602133992e-03
60 37 -6.00112039170473e-02
60 38 -1.59608012746637e-03
60 39 -1.30067696851678e-02
60 40 -4.75767207409895e-02
60 41 -5.02228117219130e-02
60 42 -2.04339666324082e-03
60 43 -1.09772441742491e-02
60 44 1.09459190530628e-03
60 45 -4.37157736967432e-03
60 46 -4.53387738793959e-03
60 47 -1.75409480630232e-02
60 48 -3.81535413721618e-02
60 49 -2.95117232471987e-03
60 51 -6.89543908453816e-04
60 52 -3.28307563233846e-03
60 68 -1.40720052467765e-02
61 61 6.13022605788401e+00
61 53 -6.04865878018998e-02
61 54 -6.72528920188392e-02
61 55 -2.63363302931895e-03
61 56 -1.31377737461544e-01
61 57 -2.03789190401170e-01
61 58 -9.97598879698841e-02
61 59 -2.30203143981214e-01
61 60 -3.32765002346097e-01
61 62 -1.44689335832515e-01
61 63 -3.59917591591760e-01
61 64 -1.88370404304195e-02
61 65 -1.91298631295444e-01
61 66 -4.72815906444593e-04
61 67 -3.02284492223733e-01
61 1 -9.05556551974334e-04
61 2 -1.14956756165560e-04
61 3 -3.57318591640105e-05
61 4 -3.99870755303990e-04
61 5 -4.76534170633477e-04
61 6 -1.15723208587320e-02
61 9 -9.55082802215866e-04
61 10 -1.18094993765916e-02
61 11 -4.89369523979853e-04
61 12 -5.14734605572333e-03
61 14 -1.57108087471048e-02
61 15 -3.67466936937059e-03
61 16 3.73412969343163e-05
61 18 -1.92174330803309e-02
61 22 -2.62233480159872e-03
61 23 -1.05766157070706e-03
61 24 -8.35450892647028e-04
61 25 -2.42286014590189e-02
61 26 -2.19679842321113e-03
61 27 -7.72286224649942e-04
61 28 -4.29890713071685e-02
61 29 -1.09118974584334e-03
61 30 -2.56965914771997e-02
61 31 -3.35642207935253e-05
61 32 -9.16025358385584e-04
61 33 -4.15542487870897e-03
61 34 -2.54099789130790e-02
61 35 -4.03116783578965e-02
61 36 -1.55506994581923e-04
61 37 -1.21966506518551e-01
61 38 -4.83766912098344e-02
61 39 -7.98111833274285e-03
61 40 -1.63535354572412e-01
61 41 -1.19006991770011e-02
61 42 -9.32516538373992e-02
61 43 -7.84159953674465e-02
61 44 -2.62424383921625e-02
61 45 -2.28975690043950e-03
61 46 -5.34702392366135e-04
61 47 -4.12491628702160e-01
61 48 -4.46160166256298e-01
61 49 -3.52153291354269e-03
61 50 -1.20485946230335e-02
61 51 -2.57896529923943e-02
61 52 -3.42452930730776e-03
61 68 -1.32580545209806e-02
62 62 4.80422714462095e+00
62 53 -3.43129286488127e-03
62 54 -1.20361815714416e-02
62 55 -1.94897218661011e-02
62 56 -1.11734461376715e-02
62 57 -1.73817224716008e-02
62 58 -2.27861210982734e-01
62 59 -1.82398764598820e-01
62 60 -5.13395848573800e-01
62 61 -1.44689335832515e-01
62 63 -5.27668921145066e-01
62 64 -3.10746388297062e-01
62 65 -1.15732296420092e-01
62 66 -5.74090594457435e-02
62 67 -7.81861102009497e-03
62 2 -1.38964980973100e-05
62 3 -2.13866653637842e-05
62 4 -2.23073110247157e-04
62 5 -6.92027807801095e-04
62 11 -7.70449325055415e-03
62 14 -2.80398700373990e-04
62 15 -1.17787437540644e-02
62 16 -1.32728588742563e-02
62 17 -7.75888109883235e-04
62 18 -3.59702650942045e-03
62 19 -3.65340466661518e-04
62 21 -1.54167272680812e-03
62 22 -1.89081210761183e-05
62 23 -1.14528463397230e-03
62 24 -3.34693807142648e-03
62 25 -1.10367745562346e-04
62 26 -8.59121880922959e-05
62 27 -8.81219721524208e-04
62 28 -1.09916959782689e-02
62 29 -5.90289032272363e-03
62 30 -2.05301847575867e-02
62 31 -9.47824846468090e-04
62 32 -2.04433136342186e-02
62 33 -4.63991097349291e-02
62 34 -1.73004255164610e-04
62 35 -2.96603207838935e-03
62 36 -8.18629384287342e-03
62 37 -2.80437328133559e-02
62 38 -9.75966188481809e-04
62 39 -2.76777300841916e-02
62 40 -1.89259149451158e-02
62 41 -1.30941415761431e-01
62 42 -1.85047117560811e-03
62 43 -1.22416806509980e-02
62 44 -4.24118585641155e-02
62 45 -5.01205727517622e-02
62 46 -3.54208789607538e-02
62 47 -1.32900161187960e-02
62 48 -1.05635665324808e-01
62 49 -7.99085476117838e-02
62 51 -1.02453753645175e-03
62 52 -2.19304128960063e-02
62 68 -1.10997704586079e-01
63 63 4.76677771245057e+00
63 53 -2.66669274635133e-03
63 54 -6.23869267211147e-03
63 55 -6.36586084055481e-03
63 56 -1.15985774989619e-02
63 57 -1.99549713874566e-02
63 58 -5.36144308011291e-02
63 59 -1.61643952489828e-01
63 60 -3.02308562957004e-01
63 61 -3.59917591591760e-01
63 62 -5.27668921145066e-01
63 64 -1.30113076271517e-01
63 65 -5.87031819538949e-01
63 66 -3.33759867544772e-02
63 67 -6.82576110294300e-02
63 4 -9.64374183104990e-05
63 5 -3.59558417011134e-04
63 9 -5.47742974372790e-05
63 11 -1.70014314980207e-03
63 14 -3.91956087815690e-04
63 15 -9.67982526136676e-03
63 16 -6.26423663626166e-03
63 17 -3.02982356247665e-04
63 18 -5.89410729533175e-03
63 19 -3.81039157031335e-04
63 21 -1.36446508287672e-03
63 23 -2.46526686932990e-04
63 24 -3.00289313761314e-04
63 25 -1.67054845591035e-04
63 26 -6.17016487327842e-05
63 27 -2.21207404521013e-04
63 28 -5.10830412967016e-03
63 29 -7.38474656595755e-04
63 30 -7.67089334344022e-03
63 32 -4.02987586911029e-03
63 33 -1.38906995370380e-02
63 34 -2.73229644605785e-04
63 35 -2.23700783905293e-03
63 36 -1.43593083140295e-03
63 37 -1.26663355062532e-02
63 38 -9.31586498104245e-04
63 39 -1.25243733821130e-02
63 40 -1.94676239723256e-02
63 41 -1.33938942783771e-02
63 42 -2.23194003721210e-03
63 43 -1.50734760182995e-02
63 44 -2.59048494490094e-02
63 45 -2.23948948254689e-02
63 46 -1.19105841669382e-02
63 47 -5.51836633056207e-02
63 48 -2.14460965217925e-01
63 49 -5.70301668782851e-02
63 50 -2.76477673607335e-04
63 51 -2.51965997659037e-03
63 52 -2.89701392920583e-02
63 68 -7.80660752027830e-02
64 64 5.02566484105814e+00
64 53 -9.07910146425093e-04
64 54 -3.15658738595853e-03
64 55 -2.69043319078650e-02
64 56 -1.11446467981531e-03
64 57 -1.81317070145727e-03
64 58 -1.56465230258395e-01
64 59 -6.60514462647202e-02
64 60 -4.72646809064078e-02
64 61 -1.88370404304195e-02
64 62 -3.10746388297062e-01
64 63 -1.30113076271517e-01
64 65 -8.06287749822674e-02
64 66 -3.34339278443984e-01
64 67 -3.15038431104561e-03
64 4 -1.82410351704646e-05
64 5 -4.38000219048375e-05
64 11 -8.62872650115676e-03
64 15 -2.91508180923156e-03
64 16 -1.89619113213953e-02
64 17 -5.29462901454196e-03
64 18 -3.73364756160596e-04
64 19 -1.68325408760939e-03
64 21 8.65821521644690e-04
64 23 -1.22443127070984e-04
64 24 -1.36698098254450e-03
64 25 -3.12895473339331e-06
64 27 -6.61304023549368e-05
64 28 -2.05087137487844e-03
64 29 -1.89046463521549e-03
64 30 -1.96651806866848e-03
64 31 -1.49643032521117e-03
64 32 -1.58088233669498e-02
64 33 -5.25212484912044e-02
64 34 -5.11761982580004e-06
64 35 -5.21151019157075e-05
64 36 -1.00471907777689e-02
64 37 -4.65291686039328e-03
64 38 -1.24485065265887e-05
64 39 -4.42246974026798e-03
64 40 -2.75798562062086e-04
64 41 -1.46131440775063e-01
64 42 -5.52688456919222e-05
64 43 -5.33485467837174e-04
64 44 -1.04789012306277e-02
64 45 -3.02554399343147e-02
64 46 -5.57156118871138e-02
64 47 -1.52313801821414e-03
64 48 -3.35834487940189e-02
64 49 -7.36664296635512e-02
64 51 -2.44010093323540e-04
64 52 -1.91303265296351e-02
64 68 -5.37962471723222e-01
65 65 4.76686856336045e+00
65 53 -3.43767132719611e-04
65 54 -9.51402024947404e-04
65 55 -2.51955370025267e-03
65 56 -7.84161715187198e-04
65 57 -4.42783008910097e-03
65 58 -2.68571423905649e-02
65 59 -1.72971732014410e-01
65 60 -6.15691305806228e-02
65 61 -1.91298631295444e-01
65 62 -1.15732296420092e-01
65 63 -5.87031819538949e-01
65 64 -8.06287749822674e-02
65 66 -7.15916476992980e-02
65 67 -8.22453727134389e-02
65 4 -2.80992291389713e-05
65 5 -1.04273048611397e-04
65 9 -4.43388806732944e-04
65 11 -1.31209624640356e-03
65 13 -5.38118533273125e-05
65 14 -5.63980779943902e-03
65 15 -4.79822861417676e-02
65 16 -1.84039033155659e-02
65 17 -6.73827459433634e-04
65 18 -5.54340648399318e-02
65 19 -6.42055355857887e-03
65 21 -7.30272442455130e-03
65 23 -6.34515019836598e-05
65 27 -5.02113102265016e-05
65 28 -1.22097508075600e-03
65 29 -4.65103272488943e-04
65 30 -2.47699067012633e-03
65 32 -3.02771051600117e-03
65 33 -9.82294762259896e-03
65 35 -3.01065938700939e-04
65 36 -1.22638653752249e-03
65 37 -1.90144892196687e-02
65 38 -9.07915215173554e-05
65 39 -8.31584629983928e-03
65 40 -1.51414095956065e-02
65 41 -3.97354902839638e-02
65 42 -1.02318575589819e-02
65 43 -4.21647079956926e-02
65 44 -7.22421894962251e-02
65 45 -5.41647849719498e-02
65 46 -2.42671030900162e-02
65 47 -8.68690974848033e-02
65 48 -3.21892140236696e-01
65 49 -7.92827970304777e-02
65 50 -6.95605574574637e-03
65 51 -4.97791866998676e-02
65 52 -8.09916862805535e-02
65 68 -6.68708397675860e-02
66 66 4.94678408423547e+00
66 53 -1.81502734777684e-04
66 54 -6.33062015226323e-04
66 55 -4.80701963232782e-03
66 56 -2.07415182799035e-04
66 57 -2.40324211136311e-04
66 58 -1.60149412987403e-02
66 59 -1.86218079992310e-02
66 60 -6.14735894820459e-03
66 61 -4.72815906444593e-04
66 62 -5.74090594457435e-02
66 63 -3.33759867544772e-02
66 64 -3.34339278443984e-01
66 65 -7.15916476992980e-02
66 67 -2.18455284743275e-05
66 11 -3.20775264362055e-03
66 15 -3.00016141120887e-04
66 16 -2.97223959126695e-02
66 17 -1.48159365123138e-02
66 19 -3.39110096079167e-03
66 21 -1.54625542962166e-02
66 24 -2.76606104603348e-04
66 28 -3.79430662986935e-04
66 29 -5.40703797340925e-04
66 31 -9.20833543602491e-04
66 32 -4.85473419733967e-03
66 33 -1.31179817176750e-02
66 36 -4.53499006223810e-03
66 37 -1.00336899726615e-03
66 39 -6.26835794321891e-04
66 41 -7.11921509702275e-02
66 44 -1.99626077569480e-03
66 45 -2.27317296179605e-02
66 46 -5.52913128134484e-02
66 48 -2.17142938012393e-02
66 49 -9.93531546966774e-02
66 52 -1.50002497910815e-02
66 68 -1.83811458685114e-01
67 67 6.27942772480682e+00
67 53 -6.34981672321165e-03
67 54 -9.89810395048778e-04
67 55 -2.19451130541515e-04
67 56 -2.08892220873863e-02
67 57 -3.33733920581245e-02
67 58 -1.87381634563459e-03
67 59 -1.52483355515065e-02
67 60 -1.05578822522273e-02
67 61 -3.02284492223733e-01
67 62 -7.81861102009497e-03
67 63 -6.82576110294300e-02
67 64 -3.15038431104561e-03
67 65 -8.22453727134389e-02
67 66 -2.18455284743275e-05
67 9 -3.86286483128048e-04
67 10 -3.88446728656204e-03
67 12 -4.77459439781758e-03
67 14 -3.72162035529009e-02
67 18 -1.54996622111409e-02
67 20 -3.75351597953477e-04
67 22 -2.17215125284621e-04
67 25 -5.52384774479374e-03
67 28 -2.91005344378043e-03
67 33 -1.20316315410281e-05
67 34 -1.27156274914363e-02
67 35 -4.24823902817307e-03
67 37 -5.02185643087077e-03
67 38 -1.22996529758090e-02
67 40 -1.99008992520103e-02
67 42 -5.19008300984618e-02
67 43 -9.74473965078168e-03
67 44 -9.06419315815175e-05
67 47 -9.58896427778617e-02
67 48 -1.14596693714484e-01
67 49 -1.92911526757554e-03
67 50 -8.63893461585823e-02
67 51 -5.64092506505837e-02
67 52 -7.69033321996562e-03
67 68 -3.63275927128994e-03
