189 244 189 244
189 189 5.40382566224740e+00
189 190 -2.60531082591436e-03
189 191 -1.91645857129984e-02
189 195 -4.28735049838681e-02
189 196 -2.60024383465440e-01
189 197 -4.59838213835409e-02
189 200 -3.36954732510288e-03
189 201 -1.33287945551791e-01
189 207 -3.73260877943500e-03
189 5 -6.78246484698098e-03
189 6 -5.29540987397387e-03
189 16 -4.26399703374120e-03
189 92 -2.19956376825457e-01
189 93 -2.98354337688365e-02
189 97 -4.45649803992407e-02
189 98 -1.13851312290438e-02
189 107 -2.26178456297306e-02
189 108 -4.26399703374120e-03
189 109 -1.22018471108077e-02
189 113 -7.24171806264419e-02
189 117 -2.03077030650392e-02
189 140 -3.37461851723385e-02
189 245 -2.40108216388215e-02
189 247 -1.85856699072468e-02
189 252 -2.40108216388215e-02
190 190 5.44088284780453e+00
190 189 -2.60531082591436e-03
190 191 -6.18242470856144e-02
190 192 -4.11528738055518e-01
190 193 -3.66128958848349e-02
190 194 -7.55517619478902e-02
190 195 -6.78269565850419e-02
190 197 -2.25261025401278e-02
190 198 -1.02697989139644e-01
190 199 -5.95024454305817e-02
190 200 -1.00925925925926e-02
190 202 -1.24621509169179e-01
190 203 -8.99199514991182e-02
190 205 -9.19547325102881e-03
190 9 -1.24907641400878e-02
190 89 -3.14208280144061e-02
190 90 -3.84680690019871e-02
190 93 -4.28163181758874e-02
190 94 -4.71814145475510e-02
190 96 -5.94338532002966e-02
190 101 -4.12233551788414e-02
190 103 1.51025885194457e-02
190 104 -6.21307323659157e-02
190 105 -4.82647422768391e-02
190 107 -7.08250865988622e-02
190 111 -9.21963361210674e-03
190 114 -5.89175994671067e-02
190 115 -7.19543213623498e-02
190 116 -6.74047524226736e-03
190 117 -5.86729074713351e-02
190 118 -1.09014317439409e-01
190 123 -4.72685185185186e-03
190 125 -7.79421180140715e-02
190 126 -1.68225308641975e-02
190 129 -3.76146204320040e-02
190 245 -1.19243072416850e-02
190 246 -8.47886752054402e-02
190 248 -8.36768834639109e-02
190 249 -1.54346218589053e-01
190 251 -1.20511040943658e-01
190 253 -1.24024611219085e-02
191 191 5.36980309954937e+00
191 189 -1.91645857129985e-02
191 190 -6.18242470856144e-02
191 192 -1.73374314307370e-02
191 195 -5.07033377173762e-01
191 196 -1.02427098643482e-01
191 197 -2.10035793017682e-01
191 198 -1.08080685337151e-01
191 201 -2.41003549494215e-01
191 6 -5.52665047982426e-03
191 7 -5.33333333333334e-03
191 92 -3.30650942305469e-02
191 93 -3.88971273509478e-02
191 98 -1.18822985316222e-02
191 99 -2.76395715185886e-02
191 103 -7.25233928305784e-02
191 107 1.65147497831817e-02
191 114 -3.31551608604918e-02
191 117 -7.28906203359122e-02
191 245 -2.35540620372744e-01
191 246 -5.97693691841917e-02
191 247 -6.56516177300478e-02
191 249 -5.39706020391996e-02
191 250 -1.14508077279047e-01
191 251 -3.10041664296145e-02
191 254 -1.49887542432345e-02
192 192 5.42626366051258e+00
192 190 -4.11528738055518e-01
192 191 -1.73374314307370e-02
192 193 -2.49940550531717e-01
192 194 -7.53615603632803e-02
192 195 -1.15476322246631e-01
192 198 -1.04521245016551e-01
192 199 -1.30776464722655e-01
192 202 -1.59751946672735e-01
192 203 -9.80360964138743e-02
192 90 -9.46023146607855e-03
192 93 -9.42256703814605e-03
192 94 -2.93592071121431e-02
192 96 -7.06806499558625e-02
192 101 -8.85433126501459e-03
192 103 -5.93905819354245e-02
192 104 -2.71761069202029e-02
192 105 -4.73440433521079e-02
192 115 -4.24195640564007e-02
192 116 -1.43819195539626e-02
192 118 -1.15124486026024e-01
192 126 -6.64021164021165e-03
192 129 -5.08092640003035e-02
192 245 -7.81959378733573e-03
192 246 -9.14838255760676e-02
192 248 -1.67050631876914e-02
192 249 -1.06165004242471e-02
192 251 -8.03340919004002e-02
192 253 -7.54671090825560e-02
192 257 -2.46349206349206e-02
193 193 5.28179314922017e+00
193 190 -3.66128958848349e-02
193 192 -2.49940550531717e-01
193 194 -4.06025535963027e-01
193 199 -2.38338142525790e-01
193 202 -5.87878149833950e-02
193 94 -1.20298887659276e-02
193 96 -2.01162346504872e-01
193 104 -1.13965855917527e-02
193 105 -1.39358252261478e-02
193 118 -5.78855167829905e-02
193 129 -9.20553645592049e-03
193 246 -1.27402186975548e-02
193 248 -2.49331285551824e-02
193 249 -8.30890655616058e-02
193 256 -1.13478543174173e-02
194 194 5.21642943775826e+00
194 190 -7.55517619478902e-02
194 192 -7.53615603632803e-02
194 193 -4.06025535963027e-01
194 195 -1.94638447971781e-02
194 198 -1.99416225749559e-02
194 199 -4.40818154349521e-01
194 202 -1.20588223329311e-01
194 203 -5.08223771866373e-02
194 206 -2.98783663751340e-02
194 90 -9.79271849025578e-03
194 94 -6.60536725963366e-02
194 96 -3.45263920642414e-01
194 101 -4.52314814814815e-03
194 103 -2.20809670781893e-02
194 104 -6.89074117355220e-02
194 105 -7.27727641235704e-02
194 106 -2.38016651464738e-01
194 112 -1.61315373646279e-02
194 115 -2.09852807172252e-02
194 116 -8.06520766385202e-02
194 118 1.64208491442788e-02
194 126 -7.31853314802624e-03
194 128 -4.05955946567165e-02
194 129 -1.20414766368772e-01
194 139 -1.01950012615110e-02
194 248 -8.78155855949863e-02
194 249 -1.44607837894218e-01
194 256 -8.95128255950317e-03
195 195 5.56683867100719e+00
195 189 -4.28735049838681e-02
195 190 -6.78269565850419e-02
195 191 -5.07033377173762e-01
195 192 -1.15476322246631e-01
195 194 -1.94638447971781e-02
195 196 -4.89478135990837e-02
195 197 -1.49378128125335e-01
195 198 -5.09029398980668e-01
195 199 -1.40783068783069e-02
195 200 -1.55318779251319e-01
195 201 5.36947426004649e-02
195 202 -4.51936507936508e-02
195 203 -1.37410699588477e-01
195 204 -2.68975468975469e-02
195 205 -1.88911228689007e-02
195 208 -2.45454545454546e-02
195 215 -1.34107744107744e-02
195 89 -1.16622345550545e-02
195 93 -8.62067298398906e-02
195 99 -2.28347608267793e-02
195 101 -6.59259259259260e-03
195 103 -5.00698663417419e-02
195 104 -2.65004115226338e-02
195 107 -1.21232379388623e-01
195 111 -5.48148148148149e-03
195 114 -4.35855624050051e-02
195 115 -6.17127572016461e-02
195 117 -8.73060461929822e-02
195 118 -1.39362962962963e-01
195 125 -5.53826572604351e-02
195 138 -1.07148148148148e-02
195 245 -9.70047497007593e-02
195 246 -3.86535809565410e-02
195 247 -2.15392869561939e-01
195 248 -5.42344944915185e-02
195 249 -9.50897042706273e-02
195 250 -2.67701314812628e-01
195 251 -1.52457776861269e-01
195 253 -6.37757461638836e-02
195 254 -1.64480786319277e-01
196 196 5.56365784869157e+00
196 189 -2.60024383465440e-01
196 191 -1.02427098643482e-01
196 195 -4.89478135990837e-02
196 197 -1.66196750109794e-01
196 200 -3.45916633479358e-02
196 201 -2.12118831452460e-01
196 204 -2.36648081773530e-02
196 207 -9.66266092985695e-02
196 209 -1.19111210214228e-02
196 210 -2.40221287205860e-02
196 211 -1.18324040886765e-02
196 16 -4.82017055988135e-03
196 21 -3.31746031746032e-03
196 32 -8.09344598054276e-03
196 92 -8.58728985862281e-02
196 97 -4.57281753388539e-02
196 98 -8.78512639623752e-03
196 107 -2.65913035365956e-01
196 108 -4.82017055988135e-03
196 109 -2.94989010259620e-02
196 113 -2.69072363933562e-01
196 114 -6.51205173427396e-03
196 117 -4.15852515598036e-02
196 119 -3.03353484300415e-02
196 120 -8.14769035292333e-02
196 137 -5.75343226210206e-02
196 140 -4.90981064788253e-02
196 141 -4.78668054110302e-03
196 159 -9.17447103711412e-03
196 168 -3.59001040582726e-03
196 247 2.82578942973499e-03
196 250 -4.88299225343971e-02
196 252 -4.37551603589369e-02
196 255 -1.39042848027817e-01
196 258 -1.26315180945774e-02
197 197 5.40743602524149e+00
197 189 -4.59838213835409e-02
197 190 -2.25261025401278e-02
197 191 -2.10035793017682e-01
197 195 -1.49378128125335e-01
197 196 -1.66196750109794e-01
197 198 -1.15696265398930e+00
197 200 -1.15708513708514e+00
197 201 -1.72037597887400e-01
197 204 -1.78282828282828e-02
197 93 -5.35032752997264e-02
197 103 -2.27352196917415e-02
197 107 -2.01897714471374e-01
197 109 -1.34776334776335e-02
197 113 -2.03607503607504e-02
197 114 -1.98735032383426e-02
197 117 -1.14773485525300e+00
197 120 -2.17243867243867e-02
197 140 -7.84848484848486e-02
197 245 -2.15019762845850e-02
197 247 -2.16038647342995e-01
197 249 -2.14646464646465e-02
197 250 -1.65046113306983e-01
197 251 -5.62409812409813e-02
197 254 -6.38672438672439e-02
198 198 5.33401270252889e+00
198 190 -1.02697989139644e-01
198 191 -1.08080685337151e-01
198 192 -1.04521245016551e-01
198 194 -1.99416225749559e-02
198 195 -5.09029398980668e-01
198 197 -1.15696265398930e+00
198 199 -1.46338624338624e-02
198 200 -2.37387772280629e-01
198 201 -1.65831672736435e-01
198 202 -9.35883009994121e-02
198 203 -2.15277013903205e-01
198 204 -7.03004153400980e-02
198 205 -5.57485197782818e-02
198 208 -7.74747474747475e-02
198 213 -2.25185312433990e-02
198 215 -2.21025065469510e-02
198 89 -1.10686711189660e-02
198 93 -7.12977697602615e-02
198 99 -1.87564859545536e-02
198 101 -1.21494708994709e-02
198 103 -5.23329574566517e-02
198 104 -4.13916225749559e-02
198 107 -1.17202557378056e-01
198 111 -2.34973544973545e-02
198 114 -2.65710214273316e-01
198 115 -7.86543062904174e-02
198 117 -2.61169469031670e-01
198 118 -1.19739644746788e-01
198 120 -1.37627446040145e-02
198 121 -2.09447238828191e-02
198 123 -1.22698412698413e-02
198 125 -7.67200201180362e-02
198 126 -3.43129251700681e-02
198 129 -3.70161165700849e-02
198 131 -1.17088687326783e-02
198 133 -1.53711052322164e-02
198 138 -8.71656872326186e-02
198 140 -2.27758461409255e-02
198 148 -2.68296310293665e-02
198 160 -2.84411200694270e-02
198 245 -1.19045086412412e-02
198 246 -7.70654272659592e-02
198 247 -8.69841269841271e-03
198 249 -1.14890399385561e-01
198 250 -5.95982401244050e-02
198 251 -6.74821208328379e-02
198 253 -3.24551781684398e-02
198 254 -1.13874730012928e-01
199 199 5.18408645252746e+00
199 190 -5.95024454305817e-02
199 192 -1.30776464722655e-01
199 193 -2.38338142525790e-01
199 194 -4.40818154349521e-01
199 195 -1.40783068783069e-02
199 198 -1.46338624338624e-02
199 202 -4.25888109380390e-01
199 203 -7.66907189319376e-02
199 206 -5.25323258636326e-02
199 228 -6.94657791431985e-03
199 94 -4.97442680776014e-03
199 96 -3.29750112561565e-02
199 104 -1.24446208112875e-02
199 105 -2.46300563236047e-02
199 106 -1.59470985115568e-02
199 112 -8.31120030391623e-03
199 115 -6.47251616696062e-03
199 116 -2.54942272434468e-02
199 118 -8.65683603358740e-02
199 126 -7.67579791773341e-03
199 128 -2.94288691311881e-02
199 129 -8.53321132791448e-02
199 139 -1.67850904735425e-02
199 150 -6.36509430920016e-03
199 248 -3.60465404680157e-02
199 249 -9.39956116895186e-02
199 251 -2.28206045779523e-02
199 253 -7.72705692495264e-02
199 256 -2.40675206510708e-02
199 257 -9.22313525556676e-02
199 262 -1.17833605866905e-02
200 200 5.04939800157371e+00
200 189 -3.36954732510288e-03
200 190 -1.00925925925926e-02
200 195 -1.55318779251319e-01
200 196 -3.45916633479358e-02
200 197 -1.15708513708514e+00
200 198 -2.37387772280629e-01
200 201 -5.95903452625393e-01
200 202 -1.40202821869489e-02
200 203 -1.36670672331784e-01
200 204 -2.88352844583400e-01
200 205 -8.16200984714874e-02
200 207 -9.64146191539834e-02
200 208 -9.16666666666668e-02
200 210 -2.02415458937198e-02
200 211 -3.14495296884186e-02
200 213 -4.87515151515152e-02
200 215 -5.05930441985998e-02
200 225 -6.11111111111111e-03
200 34 -1.07005772005772e-02
200 93 -7.93963560147136e-03
200 103 -2.34271751910641e-02
200 107 -1.47499304756793e-01
200 109 -3.05306290417402e-02
200 113 -4.64180445865034e-02
200 114 -6.45673319820114e-02
200 115 -2.41743827160494e-02
200 117 -2.37279887837321e-01
200 118 -3.24713403880071e-02
200 119 -1.07484289903645e-02
200 120 -6.57118005451339e-02
200 121 -3.64887110644687e-02
200 125 -7.45967670330044e-02
200 131 -4.95551747635081e-02
200 133 -1.34614197530864e-02
200 137 -3.79115458217609e-02
200 138 -1.02096317431166e-01
200 140 -8.53810708770738e-02
200 142 -3.55430254930255e-02
200 148 -1.09786924803592e-01
200 159 -2.16010582010582e-02
200 160 -3.87130952380953e-02
200 166 -4.67171717171718e-03
200 169 -1.51822991822992e-02
200 170 -1.49750681417348e-02
200 247 -3.10423868312757e-02
200 249 -5.42730746619636e-02
200 250 -4.92827890614629e-02
200 251 -8.50712415156861e-02
200 252 -1.38803379416283e-02
200 253 -9.47564051506704e-03
200 254 -9.18157605238252e-02
200 255 -7.80833911740722e-02
200 259 -6.21261022927690e-02
200 260 -2.22847565947924e-02
201 201 6.23132853113697e+00
201 189 -1.33287945551791e-01
201 191 -2.41003549494215e-01
201 195 5.36947426004649e-02
201 196 -2.12118831452460e-01
201 197 -1.72037597887400e-01
201 198 -1.65831672736435e-01
201 200 -5.95903452625394e-01
201 203 -4.97105499438833e-02
201 204 -1.41461936828604e-01
201 205 -2.45857142857143e-02
201 207 -1.84804793675743e-01
201 208 -5.41414141414142e-02
201 209 -1.87523908626927e-02
201 210 -1.04830917874396e-01
201 211 -3.89126957404736e-02
201 213 -2.76842231842232e-02
201 215 -8.48122067233179e-02
201 224 -1.66355340848095e-02
201 225 -2.88255501878691e-02
201 98 -1.08295120517343e-02
201 107 -4.34397245995412e-03
201 109 -4.84010421677089e-02
201 113 -9.06702755661711e-02
201 114 -1.59000267222490e-02
201 117 -1.54437913526803e-01
201 119 -1.33053367028393e-02
201 120 -6.03152316818984e-02
201 125 -1.23846079846080e-02
201 131 -2.22785126396238e-02
201 137 -5.26170657096487e-02
201 138 -6.24418684196462e-02
201 140 -2.04705393382467e-01
201 142 -1.99485302763081e-02
201 148 -6.15354791299236e-02
201 159 -1.78169312169312e-02
201 169 -8.66931216931217e-03
201 245 -9.63132793671816e-02
201 247 -1.62381281501180e-01
201 249 -5.96230559563893e-02
201 250 -2.31757604584793e-01
201 251 -1.48498819738605e-01
201 252 -1.44012389908366e-01
201 253 -1.15967072071824e-02
201 254 -1.97270985148937e-01
201 255 -3.46528475934767e-02
201 258 -9.65410559131221e-02
201 259 -1.48361215697349e-01
201 260 -1.21271737075761e-01
202 202 5.60229158832146e+00
202 190 -1.24621509169179e-01
202 192 -1.59751946672735e-01
202 193 -5.87878149833950e-02
202 194 -1.20588223329311e-01
202 195 -4.51936507936508e-02
202 198 -9.35883009994122e-02
202 199 -4.25888109380390e-01
202 200 -1.40202821869489e-02
202 203 -9.14113654527380e-02
202 205 -2.67334215167549e-02
202 206 -1.10885486807357e-01
202 208 -7.38095238095239e-02
202 214 -5.24034979423869e-02
202 217 -7.51082251082252e-02
202 222 -7.13817112928225e-02
202 223 -2.40252245725566e-02
202 228 -7.47774902549993e-02
202 238 -4.76025304329155e-03
202 94 -4.55731922398589e-03
202 96 -2.75351098790514e-02
202 104 -2.07410346854791e-02
202 105 -2.02910052910053e-02
202 106 -8.31903373237632e-03
202 115 -4.19428277483833e-02
202 116 -2.47104324688728e-02
202 118 -1.37953537450360e-01
202 123 -5.69576719576720e-03
202 125 -3.63863609641388e-02
202 126 -4.54085818317770e-02
202 128 -4.08605204906181e-02
202 129 -3.13519109204556e-01
202 134 -1.14444444444445e-02
202 136 -5.69584152310479e-03
202 139 -5.77200340009336e-02
202 149 -1.07866049382716e-01
202 150 -2.93791440549447e-02
202 158 -3.27671957671958e-02
202 248 -1.78045928439335e-01
202 249 -1.54905895910092e-01
202 251 -1.27534875219412e-01
202 253 -1.61705380329185e-01
202 254 -6.34933996045108e-02
202 256 -1.04501419560387e-02
202 257 -5.61061227548538e-02
202 262 -1.15979790305146e-01
202 266 -1.20987654320988e-02
203 203 5.60518153198713e+00
203 190 -8.99199514991183e-02
203 192 -9.80360964138743e-02
203 194 -5.08223771866373e-02
203 195 -1.37410699588477e-01
203 198 -2.15277013903205e-01
203 199 -7.66907189319376e-02
203 200 -1.36670672331784e-01
203 201 -4.97105499438833e-02
203 202 -9.14113654527381e-02
203 204 -8.87919354681982e-02
203 205 -5.09013070382162e-01
203 206 -1.88227309128641e-01
203 208 -2.37088416633871e-01
203 213 -3.74021866897288e-02
203 214 -2.90089705921651e-01
203 215 -2.36860592456552e-02
203 217 -1.50014144836279e-01
203 221 -9.64646464646466e-03
203 222 -8.71470280000584e-02
203 223 -1.41056731334509e-02
203 228 -1.08997812419530e-01
203 41 -1.66613756613757e-02
203 48 -6.21987066431511e-03
203 103 -7.80891975308642e-02
203 104 -2.21638888888889e-02
203 111 -8.99118165784833e-03
203 114 -5.41620601326951e-02
203 115 -8.83130829903979e-02
203 116 -8.96942974720753e-03
203 117 -5.72730053749895e-02
203 118 -1.58219675401025e-01
203 121 -1.15179012345679e-02
203 123 -5.33048696844994e-02
203 125 -7.99364399114179e-02
203 126 -1.11115002379553e-01
203 128 -1.66106072058453e-02
203 129 -1.17955165028975e-01
203 131 -5.15299823633157e-03
203 133 -5.61573952127303e-02
203 134 -5.26382030178327e-02
203 138 -1.19775008016675e-01
203 139 -7.93295901886575e-02
203 140 -1.37198706643151e-02
203 144 -2.41995208234186e-02
203 145 -5.22627762465505e-02
203 147 -8.48500881834216e-03
203 148 -4.66678541100940e-02
203 149 -1.12355328946643e-01
203 150 -3.65345750805300e-02
203 153 -1.94000727863162e-02
203 154 -2.42328042328043e-02
203 155 -7.83720360572213e-03
203 158 -9.30652312365276e-02
203 160 -1.10180677608367e-01
203 167 -5.43663731672991e-02
203 170 -1.00669214187733e-02
203 175 -8.89618406285074e-03
203 249 -2.17540213167198e-01
203 251 -3.75694210577188e-02
203 253 -1.34533368146144e-01
203 254 -1.26062149117672e-01
203 256 -7.10291858678956e-02
203 257 -9.46960417977466e-02
203 261 -9.41176418338645e-02
203 263 -2.15382638243789e-02
204 204 5.10964308674131e+00
204 195 -2.68975468975469e-02
204 196 -2.36648081773530e-02
204 197 -1.78282828282828e-02
204 198 -7.03004153400979e-02
204 200 -2.88352844583400e-01
204 201 -1.41461936828604e-01
204 203 -8.87919354681982e-02
204 205 -2.75603865691432e-01
204 207 -1.71811043814519e-01
204 208 -1.15245367280940e-01
204 210 -1.07881297446515e-01
204 211 -1.91934519419440e-01
204 212 -1.08370129870130e+00
204 213 -2.17375928621287e-01
204 215 -1.86945847605443e-01
204 216 -4.39761209983433e-02
204 224 -9.21095008051531e-03
204 225 -2.38999958173871e-02
204 107 -2.95291539735984e-02
204 114 -2.30695404536675e-02
204 117 -5.57271410247601e-02
204 120 -6.24504745107920e-02
204 121 -1.17841109507776e-02
204 125 -6.80472643415766e-02
204 131 -3.02661879566642e-02
204 133 -1.43323535175387e-02
204 137 -2.63541600630694e-02
204 138 -8.59296331925962e-02
204 140 -2.14341706653399e-01
204 142 -2.68071848492484e-02
204 144 -1.54356108324362e-02
204 148 -3.23220275124640e-01
204 149 -1.02920578931161e-02
204 151 -1.60173160173160e-02
204 152 -1.36940836940837e-02
204 159 -3.12965222409155e-02
204 160 -5.45217255701383e-02
204 165 -1.19875627018484e-02
204 166 -6.01471174328318e-02
204 169 -5.87035777273873e-02
204 170 -6.39819001300483e-02
204 250 -3.05084030266826e-02
204 251 -8.06053565962658e-02
204 254 -1.09760923228211e-01
204 255 -1.23256829948228e-01
204 258 -1.71343422275322e-02
204 259 -8.42760152786801e-02
204 260 -5.46530453881709e-02
204 261 -5.04648010414257e-02
204 265 -2.20317372862828e-02
205 205 5.06072965015910e+00
205 190 -9.19547325102881e-03
205 195 -1.88911228689007e-02
205 198 -5.57485197782817e-02
205 200 -8.16200984714874e-02
205 201 -2.45857142857143e-02
205 202 -2.67334215167549e-02
205 203 -5.09013070382162e-01
205 204 -2.75603865691432e-01
205 206 -2.14126543209877e-02
205 208 -1.19685786435786e+00
205 212 -1.33838383838384e-02
205 213 -3.96126178472387e-01
205 214 -3.66233742406428e-01
205 215 -5.04455106621774e-02
205 216 -1.66666666666667e-01
205 217 -6.29545454545455e-02
205 220 -1.67352578548566e-01
205 222 -2.04485008818342e-02
205 228 -1.24913286302175e-02
205 48 -1.07592592592593e-02
205 103 -1.21708847736626e-02
205 114 -2.38480053749895e-02
205 115 -3.27849149193285e-02
205 117 -3.70108045687411e-02
205 118 -4.47517783656673e-02
205 123 -1.56984208635443e-02
205 125 -5.34174598508814e-02
205 126 -3.84563818668757e-02
205 129 -3.58536155202822e-02
205 133 -3.52840870916268e-02
205 134 -1.48650875302110e-02
205 138 -6.75124532254603e-02
205 139 -2.69715404337318e-02
205 140 -2.69317943226674e-02
205 144 -3.03732549947277e-02
205 145 -3.40075893731979e-02
205 148 -7.24834234042789e-02
205 149 -6.90773149526678e-02
205 150 -4.62294238683128e-03
205 152 -2.10076960076960e-02
205 153 -1.94650940623163e-02
205 154 -2.04016354016354e-02
205 158 -2.25124926513816e-02
205 160 -4.16698057610624e-01
205 166 -1.87451984784436e-02
205 167 -3.16044504845211e-02
205 169 -9.12968975468976e-03
205 170 -3.04425367727837e-02
205 249 -2.04542034097590e-02
205 251 -8.94456603067715e-02
205 254 -1.30878274620735e-01
205 257 -6.32958660680884e-02
206 206 5.49617162866534e+00
206 194 -2.98783663751340e-02
206 199 -5.25323258636326e-02
206 202 -1.10885486807357e-01
206 203 -1.88227309128641e-01
206 205 -2.14126543209877e-02
206 208 -2.91919191919192e-02
206 214 -5.54927618478694e-02
206 217 -1.02779406972955e-01
206 222 -1.28919293628644e-01
206 223 -2.55821472601965e-01
206 228 -7.40642578213745e-02
206 234 -1.03864734299517e-02
206 237 -1.03864734299517e-02
206 238 -2.26629558055157e-02
206 96 -2.91546687661846e-03
206 106 -4.48533365633609e-03
206 116 -9.66358957606501e-03
206 118 -6.74130329075658e-02
206 126 -3.79560992855924e-02
206 128 -4.22421241206237e-02
206 129 -8.11371157558487e-02
206 134 -1.27217101894521e-02
206 136 -1.93336416541411e-02
206 139 -6.86987495048122e-02
206 145 -9.10864197530865e-03
206 147 -2.37731125903169e-02
206 149 -8.55869659213746e-02
206 150 -2.52668868783366e-01
206 155 -9.85078985795832e-03
206 157 -1.90069041838033e-02
206 158 -6.62742646232666e-02
206 160 -3.96295167927785e-02
206 164 -1.64704366328350e-02
206 167 -6.33893224905144e-02
206 177 -4.00366532979417e-02
206 188 -2.31627273399389e-02
206 256 -7.13774378907921e-02
206 257 -2.06787373095039e-01
206 262 -6.46363738414266e-02
206 266 -4.32397215691816e-02
207 207 5.54206094908405e+00
207 189 -3.73260877943500e-03
207 196 -9.66266092985694e-02
207 200 -9.64146191539834e-02
207 201 -1.84804793675743e-01
207 204 -1.71811043814519e-01
207 208 -6.81818181818182e-03
207 209 -4.60878722851500e-01
207 210 -1.56168175179090e-01
207 211 -1.48969910592152e-01
207 215 -8.01021511410401e-02
207 218 -3.71592075612646e-02
207 224 -2.23730392032588e-01
207 225 -4.43381976231398e-02
207 235 -4.38789693052433e-02
207 113 -1.24149777843847e-02
207 119 -4.90064912541500e-03
207 137 -4.76518508760954e-02
207 140 1.05255475606294e-01
207 141 -2.16284573083801e-02
207 142 -2.18769293988439e-02
207 148 -3.15253171758548e-02
207 159 -1.04250960729712e-01
207 165 -1.07056860054191e-02
207 168 -1.24167228610064e-02
207 169 -9.59721016347946e-03
207 247 -1.03960504104521e-01
207 252 -4.47129830588728e-02
207 254 -1.07817714782231e-01
207 255 -5.07643856409822e-02
207 258 -2.48500298738503e-01
207 259 -6.92062868764187e-02
207 260 -4.87366094018825e-02
207 264 -3.19612698167335e-02
207 267 -4.83821262797794e-02
207 268 -6.71976174397867e-03
208 208 5.19890005588665e+00
208 195 -2.45454545454546e-02
208 198 -7.74747474747475e-02
208 200 -9.16666666666667e-02
208 201 -5.41414141414142e-02
208 202 -7.38095238095239e-02
208 203 -2.37088416633871e-01
208 204 -1.15245367280940e-01
208 205 -1.19685786435786e+00
208 206 -2.91919191919192e-02
208 207 -6.81818181818182e-03
208 213 -8.25862711435834e-02
208 214 -6.51262626262627e-02
208 215 -1.04828622190282e-01
208 216 -1.11089779785432e+00
208 217 -2.19953444046931e-01
208 222 -1.91965105601469e-02
208 226 -2.37388492243279e-02
208 228 -1.92837465564739e-02
208 125 -2.28535353535354e-02
208 138 -3.86700336700337e-02
208 149 -2.31313131313132e-02
208 160 -1.85810485810486e-02
208 249 -6.35074345943912e-02
208 251 -2.12017866319154e-01
208 253 -9.89605532382532e-02
208 254 -3.29255359811353e-01
208 257 -2.82754250060377e-01
208 259 -4.92687747035574e-02
208 260 -7.65615481604262e-02
208 261 -1.48780413439844e-01
208 263 -5.28513379418923e-02
208 265 -3.83014404968349e-02
209 209 5.23982915152305e+00
209 196 -1.19111210214228e-02
209 201 -1.87523908626926e-02
209 207 -4.60878722851500e-01
209 210 -1.10427436051559e+00
209 218 -1.67242703533026e-01
209 224 -3.71483563271031e-01
209 225 -2.66014381442152e-02
209 229 -1.67030870620881e-01
209 56 -5.15859251551239e-03
209 137 -3.42412460224387e-02
209 140 -1.24431119096242e-01
209 141 -2.73047778314786e-02
209 159 -2.04822559539868e-01
209 165 -2.46595900969742e-02
209 168 -3.55134573774012e-01
209 252 -5.78762202071255e-03
209 255 -1.07082333453673e-02
209 258 -1.41580452854052e-02
209 259 -5.09018896584257e-02
209 264 -5.96998207885305e-03
209 267 -6.02252737723602e-03
210 210 5.61936631831016e+00
210 196 -2.40221287205860e-02
210 200 -2.02415458937198e-02
210 201 -1.04830917874396e-01
210 204 -1.07881297446515e-01
210 207 -1.56168175179090e-01
210 209 -1.10427436051559e+00
210 211 -1.12783298826777e+00
210 215 -6.63768115942029e-02
210 218 -1.04710144927536e+00
210 224 -6.28736943890306e-02
210 225 -6.47637051039697e-02
210 235 -5.11594202898551e-02
210 137 -2.20919878002627e-02
210 140 -8.64468991043781e-02
210 141 -1.10621340635366e-02
210 142 -1.31469979296066e-02
210 148 -1.93650793650794e-02
210 159 -1.07367884414168e+00
210 169 -6.00414078674949e-03
210 255 -5.47331864021907e-02
210 258 -4.03259199893141e-02
210 259 -1.33607991970087e-01
210 264 -1.76250584385227e-02
210 267 -1.91366682250273e-02
211 211 5.27227195772429e+00
211 196 -1.18324040886765e-02
211 200 -3.14495296884186e-02
211 201 -3.89126957404735e-02
211 204 -1.91934519419440e-01
211 207 -1.48969910592152e-01
211 210 -1.12783298826777e+00
211 212 -1.05707792207792e+00
211 215 -1.96435093661483e-01
211 218 -1.66666666666667e-01
211 219 -1.66666666666667e-01
211 224 -3.12334943639292e-02
211 225 -3.71105331262940e-01
211 230 -1.66666666666667e-01
211 107 -1.20235423013201e-02
211 117 -1.67264403292181e-02
211 120 -1.87280465272529e-02
211 131 -1.14336944654405e-02
211 137 -1.42034114521954e-02
211 138 -2.41591479801797e-02
211 140 -1.36138322104421e-01
211 142 -1.36637891576384e-02
211 148 -1.20099623693473e-01
211 151 -5.70779220779221e-02
211 159 -2.21895000772113e-01
211 165 -2.76384766027623e-02
211 166 -5.61719233147805e-02
211 169 -3.97170838200600e-01
211 170 -3.31418665109142e-02
211 254 -4.86937496659719e-02
211 255 -4.21559405283420e-02
211 258 -7.83492632417364e-03
211 259 -2.44091030542219e-01
211 260 -1.14762046993230e-02
212 212 5.77029420915784e+00
212 204 -1.08370129870130e+00
212 205 -1.33838383838384e-02
212 211 -1.05707792207792e+00
212 213 -1.05527657527658e+00
212 215 -1.00000000000000e+00
212 219 -1.04971139971140e+00
212 230 -5.71428571428572e-03
212 138 -2.50962000962001e-02
212 140 -2.58297258297259e-02
212 148 -4.88927150290786e-02
212 151 -3.52828989192626e-02
212 152 -3.52828989192626e-02
212 159 -7.52380952380953e-02
212 160 -7.95364904455814e-02
212 165 -1.03305785123967e-02
212 166 -6.00691564327927e-02
212 169 -5.19834710743801e-02
212 170 -5.63715072805981e-02
213 213 5.04093177927725e+00
213 198 -2.25185312433990e-02
213 200 -4.87515151515152e-02
213 201 -2.76842231842232e-02
213 203 -3.74021866897288e-02
213 204 -2.17375928621287e-01
213 205 -3.96126178472387e-01
213 208 -8.25862711435834e-02
213 212 -1.05527657527658e+00
213 214 -1.69297697432883e-01
213 215 -1.97502228531449e-01
213 216 -3.85578231292517e-01
213 219 -1.85188204452274e-01
213 220 -3.52272727272727e-01
213 225 -3.40164112783161e-02
213 226 -7.28106873363790e-02
213 231 -1.89015450419235e-01
213 244 -7.56004747940232e-03
213 117 -1.09340807928110e-02
213 125 -2.54929345949628e-02
213 138 -4.11370596873242e-02
213 140 -1.42684695277288e-02
213 144 -1.17674061518859e-02
213 148 -1.19787258789287e-01
213 152 -5.52765752765753e-02
213 160 -4.10008911573109e-01
213 166 -5.80842743382426e-02
213 169 -3.19525527382670e-02
213 170 -4.24906665546877e-01
213 251 -2.53742766773070e-02
213 254 -7.10846021815887e-02
213 259 -3.30892255892256e-02
213 260 -4.94748948781207e-02
213 261 -4.99892454325434e-02
213 263 -1.62348938045191e-02
213 265 -5.22986312979058e-02
213 270 -4.77719924724533e-03
214 214 5.25605922788935e+00
214 202 -5.24034979423869e-02
214 203 -2.90089705921650e-01
214 205 -3.66233742406428e-01
214 206 -5.54927618478695e-02
214 208 -6.51262626262627e-02
214 213 -1.69297697432883e-01
214 216 -1.66666666666667e-01
214 217 -1.14056397306397e+00
214 220 -1.66666666666667e-01
214 221 -1.06741582491582e+00
214 222 -2.21545292430478e-01
214 223 -2.47710695163503e-02
214 228 -9.00615805319510e-02
214 115 -5.63249314128944e-03
214 118 -1.79541005291005e-02
214 125 -2.37192190868117e-02
214 126 -2.30611650009798e-02
214 129 -5.37055604546346e-02
214 133 -1.24142906133647e-02
214 138 -2.31909514011366e-02
214 139 -4.52359739368999e-02
214 145 -7.20245933764453e-03
214 149 -7.79016109062406e-02
214 150 -2.39907683968317e-02
214 154 -7.40572390572391e-02
214 155 -1.26577503429355e-02
214 158 -2.97106691404382e-02
214 160 -4.81976829583311e-01
214 167 -1.37495083106194e-01
214 175 -6.67850833437254e-02
214 177 -1.83237589526717e-02
214 188 -1.63254948069763e-02
214 257 -1.63854570395311e-01
214 262 -8.34300127059984e-03
215 215 5.10096462167827e+00
215 195 -1.34107744107744e-02
215 198 -2.21025065469510e-02
215 200 -5.05930441985998e-02
215 201 -8.48122067233179e-02
215 203 -2.36860592456552e-02
215 204 -1.86945847605444e-01
215 205 -5.04455106621774e-02
215 207 -8.01021511410401e-02
215 208 -1.04828622190282e-01
215 210 -6.63768115942030e-02
215 211 -1.96435093661483e-01
215 212 -1.00000000000000e+00
215 213 -1.97502228531449e-01
215 216 -2.58655284515602e-01
215 219 -1.91517370719375e-01
215 220 -3.09523809523810e-02
215 224 -3.45216241085807e-02
215 225 -4.54403939703596e-01
215 226 -8.97531611998015e-02
215 230 -2.27409017857331e-02
215 231 -3.15948449287730e-02
215 232 -1.01164021164021e-02
215 235 -1.54893749369058e-02
215 236 -1.01164021164021e-02
215 241 -1.00430486810415e-02
215 244 -3.73215984212173e-02
215 138 -2.08543958099514e-02
215 140 -5.68763674820438e-02
215 148 -1.15121131954465e-02
215 170 -3.45078202873618e-02
215 250 -2.57496482145228e-02
215 251 -3.43454079029837e-02
215 254 -9.50024180118146e-02
215 255 -8.98786273728927e-02
215 257 -4.93673798021625e-03
215 258 -1.65280100889420e-02
215 259 -4.96591470800328e-01
215 260 -2.99236774440658e-01
215 261 -1.32128562160647e-01
215 263 -3.78653852065994e-02
215 264 -5.46616963283630e-03
215 265 -8.92182730543471e-02
215 267 -3.11739917235736e-02
215 268 -1.23146829275862e-02
215 270 -2.77378717317274e-02
216 216 5.49077445362852e+00
216 204 -4.39761209983433e-02
216 205 -1.66666666666667e-01
216 208 -1.11089779785432e+00
216 213 -3.85578231292517e-01
216 214 -1.66666666666667e-01
216 215 -2.58655284515602e-01
216 217 -1.04884748102139e+00
216 219 -3.10109255823542e-02
216 220 -1.66666666666667e-01
216 225 -6.52743764172336e-03
216 226 -1.11089779785432e+00
216 231 -2.42918985776129e-02
216 160 -1.66666666666667e-01
216 254 -1.18352918939624e-01
216 257 -4.01634843953685e-02
216 259 -1.64592592592593e-02
216 260 -3.08917183440481e-02
216 261 -3.44736365316476e-01
216 263 -9.80199823527147e-02
216 265 -8.81747902571163e-02
217 217 5.42083791440235e+00
217 202 -7.51082251082252e-02
217 203 -1.50014144836279e-01
217 205 -6.29545454545455e-02
217 206 -1.02779406972955e-01
217 208 -2.19953444046931e-01
217 214 -1.14056397306397e+00
217 216 -1.04884748102139e+00
217 222 -9.04356951787782e-02
217 223 -1.76523297491040e-02
217 226 -2.26843100189036e-02
217 227 -1.11050254093732e+00
217 228 -1.19859207546954e-01
217 236 -2.38565782044043e-02
217 237 -1.29870129870130e-02
217 149 -4.42592592592593e-02
217 158 -1.99975949975950e-02
217 160 -1.22390572390573e-02
217 249 -2.04874835309618e-02
217 251 -4.29615180603323e-02
217 253 -4.55778988037053e-02
217 254 -6.96561433449216e-02
217 257 -3.42539515352492e-01
217 260 -6.28019323671498e-03
217 261 -1.42445086267271e-01
217 262 -5.61888571145234e-02
217 263 -1.36172244427321e-01
217 265 -2.37792180514298e-02
217 266 -4.53786310308050e-02
217 269 -3.85610766045549e-02
218 218 5.15628599637784e+00
218 207 -3.71592075612646e-02
218 209 -1.67242703533026e-01
218 210 -1.04710144927536e+00
218 211 -1.66666666666667e-01
218 219 -1.67162698412698e-01
218 224 -3.71765101952032e-01
218 225 -3.71102420898957e-01
218 229 -3.33333333333333e-01
218 230 -3.34002057613169e-01
218 235 -3.44738823419379e-01
218 240 -1.66666666666667e-01
218 159 -1.66666666666667e-01
218 165 -1.66666666666667e-01
218 168 -3.33333333333333e-01
218 169 -3.33333333333333e-01
218 176 -3.33333333333333e-01
218 258 -6.74980976560278e-03
218 259 -5.56386318605814e-02
218 260 -4.80699209193833e-03
218 264 -1.24018664467253e-02
218 265 -3.88852145796590e-03
218 267 -1.65622482667174e-02
218 268 -6.56565656565657e-03
219 219 5.05012483825308e+00
219 211 -1.66666666666667e-01
219 212 -1.04971139971140e+00
219 213 -1.85188204452274e-01
219 215 -1.91517370719375e-01
219 216 -3.10109255823542e-02
219 218 -1.67162698412698e-01
219 220 -1.89177489177489e-01
219 225 -3.98442906389513e-01
219 226 -7.11440548910904e-02
219 230 -3.96397356373690e-01
219 231 -4.10496622593031e-01
219 232 -1.39399795051969e-02
219 235 -1.89720422541012e-02
219 240 -1.09885063980500e-02
219 241 -2.20329458356976e-02
219 244 -5.73891004679435e-02
219 148 -4.97113997113997e-02
219 166 -2.22735133877028e-01
219 169 -3.90333061043459e-01
219 170 -4.15086463078379e-01
219 172 -1.32293343905109e-02
219 176 -2.21556645621446e-02
219 186 -4.36644381249183e-02
219 187 -1.36500319204976e-02
219 254 -1.64488546566469e-02
219 259 -2.72838026392387e-02
219 260 -3.43451934144886e-02
219 261 -2.74821038619877e-02
219 263 -1.16238637917660e-02
219 265 -7.72113088778399e-02
219 267 -2.30063208175514e-02
219 268 -1.28421938026517e-02
219 270 -2.49461726831530e-02
220 220 5.45750617543750e+00
220 205 -1.67352578548566e-01
220 213 -3.52272727272727e-01
220 214 -1.66666666666667e-01
220 215 -3.09523809523810e-02
220 216 -1.66666666666667e-01
220 219 -1.89177489177489e-01
220 221 -1.04991582491582e+00
220 226 -1.04545454545455e+00
220 231 -1.87363219199639e-01
220 232 -1.04774557165862e+00
220 66 -4.80599647266314e-03
220 153 -8.49475798549873e-03
220 160 -3.90041176387627e-01
220 161 -1.36634577699393e-02
220 162 -9.02900254752107e-03
220 166 -7.19264885777232e-03
220 167 -5.22451142821514e-02
220 170 -3.84405234417379e-01
220 175 -9.79020768996615e-02
220 187 -4.83271722090160e-02
220 265 -2.93290043290044e-02
221 221 5.77483911168662e+00
221 203 -9.64646464646466e-03
221 214 -1.06741582491582e+00
221 220 -1.04991582491582e+00
221 222 -1.08533910533911e+00
221 227 -1.00000000000000e+00
221 232 -2.37154150197629e-02
221 233 -1.06695340501792e+00
221 149 -4.59657177838997e-02
221 154 -2.47933884297521e-02
221 158 -2.46248196248196e-02
221 160 -5.77493550220822e-02
221 162 -5.39201539201540e-02
221 166 -5.89225589225590e-03
221 167 -4.60541562814289e-02
221 170 -7.60649978041283e-02
221 175 -4.28482023687938e-02
221 177 -1.30519480519481e-02
221 187 -3.36910816574211e-02
221 188 -2.40362146813760e-02
222 222 5.21657569400259e+00
222 202 -7.13817112928225e-02
222 203 -8.71470280000584e-02
222 205 -2.04485008818342e-02
222 206 -1.28919293628644e-01
222 208 -1.91965105601469e-02
222 214 -2.21545292430478e-01
222 217 -9.04356951787782e-02
222 221 -1.08533910533911e+00
222 223 -2.83018589816755e-01
222 227 -2.49182184658375e-01
222 228 -4.45702560731724e-01
222 233 -2.64853107769746e-01
222 234 -5.48202997279159e-02
222 236 -7.03900590085723e-02
222 237 -1.19362744141328e-01
222 241 -2.55432478580920e-02
222 242 -5.81614412114646e-02
222 118 -8.78777189888302e-03
222 129 -4.38212815990594e-02
222 139 -3.74341269841270e-02
222 149 -6.25756257459962e-02
222 150 -3.70979689366786e-02
222 154 -1.71717171717172e-02
222 155 -1.50295904369979e-02
222 157 -1.12442396313364e-02
222 158 -7.23909733488784e-02
222 160 -1.02018798211391e-01
222 164 -3.85790114917021e-02
222 167 -3.22740459647452e-01
222 170 -6.12268997776245e-03
222 174 -3.65556164351476e-02
222 175 -1.25035439830688e-01
222 177 -1.09162311044850e-01
222 184 -1.11209102595060e-02
222 187 -2.09524833612148e-02
222 188 -6.64834978738504e-03
222 257 -7.68664503791171e-02
222 261 -2.14008447528784e-02
222 262 -5.45087766455919e-02
222 263 -7.59166634622456e-02
222 266 -7.81860575126833e-02
222 269 -2.29907758126886e-02
223 223 5.21873839837475e+00
223 202 -2.40252245725566e-02
223 203 -1.41056731334509e-02
223 206 -2.55821472601965e-01
223 214 -2.47710695163503e-02
223 217 -1.76523297491040e-02
223 222 -2.83018589816755e-01
223 228 -4.13688924920825e-01
223 234 -1.06082470669427e+00
223 237 -6.08247066942720e-02
223 238 -1.89793955722536e-01
223 69 -7.35348980614329e-03
223 129 -1.93000541702530e-02
223 139 -1.84089527889881e-02
223 149 -4.87902862326399e-02
223 150 -4.01731566208529e-02
223 157 -2.60772412445149e-02
223 158 -6.18859490482386e-02
223 160 -1.52607223742230e-02
223 164 -3.47867752382363e-02
223 167 -5.34944255072800e-02
223 174 -1.15391866941918e-02
223 175 -1.70304563199597e-02
223 177 -2.15062900284320e-01
223 185 -7.06506754893852e-03
223 188 -7.48265680233043e-02
223 256 -1.03232413326066e-02
223 257 -8.53279892589351e-02
223 262 -3.53029850793878e-02
223 263 -4.19412648861140e-03
223 266 -2.53916530323413e-02
224 224 5.12674183414295e+00
224 201 -1.66355340848095e-02
224 204 -9.21095008051531e-03
224 207 -2.23730392032588e-01
224 209 -3.71483563271031e-01
224 210 -6.28736943890306e-02
224 211 -3.12334943639292e-02
224 215 -3.45216241085807e-02
224 218 -3.71765101952032e-01
224 225 -2.02238987097187e-01
224 229 -3.33333333333333e-01
224 235 -3.87808546172954e-01
224 243 -1.67055976430976e-01
224 244 -5.26419753086420e-03
224 140 -1.40166631660016e-02
224 168 -1.66666666666667e-01
224 255 -4.30025945165199e-02
224 258 -5.25848222118982e-02
224 259 -5.57101179792190e-02
224 260 -2.39168315589669e-02
224 264 -3.69410799350447e-01
224 265 -1.21321869488536e-02
224 267 -5.13444345574814e-02
224 268 -1.81664380480825e-02
225 225 4.90209615461750e+00
225 200 -6.11111111111111e-03
225 201 -2.88255501878691e-02
225 204 -2.38999958173871e-02
225 207 -4.43381976231398e-02
225 209 -2.66014381442152e-02
225 210 -6.47637051039697e-02
225 211 -3.71105331262940e-01
225 213 -3.40164112783161e-02
225 215 -4.54403939703596e-01
225 216 -6.52743764172336e-03
225 218 -3.71102420898957e-01
225 219 -3.98442906389513e-01
225 224 -2.02238987097187e-01
225 226 -8.11368341803125e-02
225 230 -3.78302805141060e-01
225 231 -6.24399413309125e-02
225 235 -4.27857341081152e-01
225 241 -8.57844531679657e-03
225 244 -2.43710171371164e-01
225 140 -2.86045223592483e-02
225 169 -1.69054442764760e-01
225 186 -6.00709786990154e-03
225 254 -2.85777983920841e-02
225 255 -4.28501037750069e-02
225 258 -4.97527292655255e-02
225 259 -4.13104372292004e-01
225 260 -4.61660519113133e-02
225 261 -2.57862575848680e-02
225 263 -1.13905006140255e-02
225 264 -5.36172818262616e-02
225 265 -1.12605909777143e-01
225 267 -7.69135660613669e-02
225 268 -5.67965706185122e-02
225 270 -5.12948584857703e-02
226 226 5.41305920164501e+00
226 208 -2.37388492243279e-02
226 213 -7.28106873363790e-02
226 215 -8.97531611998015e-02
226 216 -1.11089779785432e+00
226 217 -2.26843100189036e-02
226 219 -7.11440548910904e-02
226 220 -1.04545454545455e+00
226 225 -8.11368341803125e-02
226 227 -1.04875086266391e+00
226 230 -1.37662337662338e-02
226 231 -1.32510349593456e-01
226 232 -1.84543873517787e-01
226 235 -6.54545454545455e-03
226 236 -2.26283003952569e-01
226 241 -7.99002082536445e-02
226 244 -3.21920402178467e-02
226 170 -4.54545454545455e-02
226 254 -4.37134956468176e-02
226 257 -2.46970924475651e-02
226 259 -3.18664909969258e-02
226 260 -7.45266125490530e-02
226 261 -1.22689207899648e-01
226 263 -1.36991343047261e-01
226 265 -2.82405594846545e-01
226 269 -6.64935773280795e-02
226 270 -5.80956509596061e-02
227 227 5.65609203585855e+00
227 217 -1.11050254093732e+00
227 221 -1.00000000000000e+00
227 222 -2.49182184658375e-01
227 226 -1.04875086266391e+00
227 228 -2.35581525345376e-01
227 236 -1.11094104308390e+00
227 237 -5.91685563114135e-02
227 257 -1.05299725983174e-01
227 261 -9.79972444226769e-02
227 262 -2.63678595133792e-02
227 263 -3.44363717654742e-01
227 265 -4.00840426347673e-02
227 266 -1.91912656420593e-02
227 269 -1.01708364827413e-01
228 228 5.28596122229751e+00
228 199 -6.94657791431985e-03
228 202 -7.47774902549993e-02
228 203 -1.08997812419530e-01
228 205 -1.24913286302175e-02
228 206 -7.40642578213744e-02
228 208 -1.92837465564739e-02
228 214 -9.00615805319510e-02
228 217 -1.19859207546955e-01
228 222 -4.45702560731724e-01
228 223 -4.13688924920825e-01
