25 30 25 30
25 25 6.00378988843585e+00
25 26 -1.40167693719110e+00
25 27 -1.37377945728976e+00
25 28 -9.64681248863819e-02
25 29 -6.72051941807488e-03
25 30 -1.55063681194317e-02
25 0 -3.85109575675491e-03
25 1 -4.36637787418182e-02
25 2 -2.17427151133862e-02
25 3 -8.18925718249644e-02
25 4 -9.15868638754873e-03
25 5 -1.09158175234962e-02
25 6 -3.19263233592000e-07
25 7 -5.00295076388205e-03
25 8 -8.68312464944513e-05
25 9 -3.48756226319906e-02
25 10 -9.15126403973759e-03
25 11 -9.73084268943614e-02
25 12 -9.51658291492415e-02
25 13 -4.96646489119896e-03
25 14 -1.66161084854878e-02
25 15 -4.01836671926145e-04
25 16 -4.20572087744658e-02
25 17 -1.29006258159397e-01
25 18 -9.22356141579639e-03
25 19 -1.95058834446242e-02
25 20 -1.83518943040177e-03
25 21 -9.87563829960277e-04
25 22 -3.16434721351297e-02
25 23 -2.83859501649209e-04
25 24 -1.65620740623583e-03
26 26 5.32753536538569e+00
26 25 -1.40167693719110e+00
26 27 -3.32074076258564e-01
26 28 -2.36062820585136e-01
26 29 -8.62255253911993e-03
26 30 -1.07292141470327e-02
26 0 -3.98919769908897e-03
26 1 -2.17092069661346e-02
26 2 -3.66747760852362e-02
26 3 -5.48535434390101e-02
26 4 -7.41982122918196e-04
26 5 -1.29249569956833e-03
26 6 -2.28202177210147e-05
26 7 -8.25198065983423e-04
26 8 -2.93115995296079e-03
26 9 -1.08301544144699e-01
26 10 -4.86001885760871e-02
26 11 -1.00762937095710e-01
26 12 -1.83376952583652e-01
26 13 -4.92242130428669e-02
26 14 -7.08799087053868e-02
26 15 -1.38894866347974e-02
26 16 -1.79322974760011e-02
26 17 -1.21343346056895e-01
26 18 -2.87512149542053e-03
26 19 -2.64221293593562e-02
26 20 -1.91091223059900e-02
26 21 -2.34967341895974e-02
26 22 -5.46077293347931e-02
26 23 -5.18277259224360e-03
26 24 -4.47438112163614e-04
27 27 5.10676827420598e+00
27 25 -1.37377945728976e+00
27 26 -3.32074076258564e-01
27 28 -2.37920842491741e-01
27 29 -7.43582949212625e-03
27 30 -2.50278659969647e-02
27 0 -5.43531768805838e-04
27 1 -1.05824060347202e-02
27 2 -8.04387151659821e-03
27 3 -9.33015817041681e-02
27 4 -4.64237427770175e-03
27 5 -8.75975128146818e-03
27 6 -1.24794156988108e-05
27 7 -9.74414309189088e-03
27 8 -1.69536148355683e-03
27 9 -1.97976486451528e-02
27 10 -1.20338769694075e-02
27 11 -1.82514550312510e-01
27 12 -1.25109610994894e-01
27 13 -1.64721019418962e-02
27 14 -2.41924898589080e-02
27 15 -4.51934281921145e-03
27 16 -8.23333118739397e-02
27 17 -1.94058446771041e-01
27 18 -2.37339079052593e-02
27 19 -4.70698153087655e-02
27 20 -1.70142605879639e-02
27 21 -1.27393535618482e-02
27 22 -8.14259521810361e-02
27 23 -4.37261944328191e-03
27 24 -8.65258325529432e-03
28 28 5.75355066561260e+00
28 25 -9.64681248863819e-02
28 26 -2.36062820585136e-01
28 27 -2.37920842491740e-01
28 29 -1.33506968159567e-01
28 30 -7.47904660355057e-02
28 0 -9.44284593022918e-04
28 1 -1.38229345709396e-03
28 2 -1.01371295952591e-02
28 3 -4.76425025882895e-02
28 4 -1.23006486309465e-03
28 5 -2.74970850277709e-03
28 6 -8.61109967988874e-04
28 7 -1.60001931934091e-02
28 8 -4.23343096077556e-02
28 9 -2.75393364551244e-02
28 10 -2.76061203687748e-02
28 11 -1.33929544868343e-01
28 12 -2.79517849580266e-01
28 13 -9.58205059755260e-02
28 14 -1.42403353088860e-01
28 15 -3.89652601678025e-02
28 16 -4.46273032765445e-02
28 17 -2.82878446656036e-01
28 18 -5.03441592105674e-02
28 19 -1.84210476767732e-01
28 20 -1.40468286727660e-01
28 21 -2.14201369593151e-01
28 22 -2.27611605955238e-02
28 23 -1.42530384687593e-01
28 24 -4.05722940390458e-02
29 29 4.98145083054452e+00
29 25 -6.72051941807488e-03
29 26 -8.62255253911990e-03
29 27 -7.43582949212625e-03
29 28 -1.33506968159567e-01
29 30 -9.63812450174382e-03
29 0 -3.02766700351689e-04
29 1 -6.28700570463470e-05
29 2 -2.19271127329968e-03
29 3 -4.12670689782257e-03
29 4 -1.22564941004411e-05
29 5 -1.10555619996296e-05
29 6 -2.05798613677868e-03
29 7 -2.94049857800821e-04
29 8 -4.77824811177674e-02
29 9 -5.47188926834312e-03
29 10 -7.74856606472973e-03
29 11 -1.48926332661509e-02
29 12 -2.75549935791334e-02
29 13 -3.82403066098440e-02
29 14 -6.92229991728051e-02
29 15 -2.75319025331468e-02
29 16 -1.08674917404132e-03
29 17 -2.18202123042794e-02
29 18 -8.11136332863471e-04
29 19 -9.48379196988358e-03
29 20 -3.72599562692612e-02
29 21 -1.10346188574899e-01
29 22 -1.66345191217180e-01
29 23 -1.09661268176035e-01
29 24 -4.05501348944858e-03
30 30 6.27183429631086e+00
30 25 -1.55063681194317e-02
30 26 -1.07292141470327e-02
30 27 -2.50278659969647e-02
30 28 -7.47904660355058e-02
30 29 -9.63812450174382e-03
30 0 -3.23848237886017e-06
30 1 -6.75705497422587e-04
30 2 -5.14691639358576e-05
30 3 -5.76859352250547e-03
30 4 -1.31813296037160e-03
30 5 -7.97261080804608e-03
30 6 -1.40029828408561e-07
30 7 -4.87446437341975e-02
30 8 -4.99553651788130e-05
30 9 -1.20649676522664e-04
30 10 -1.13374695550331e-04
30 11 -6.99692690726666e-03
30 12 -6.62177305515271e-03
30 13 -1.94184993252244e-04
30 14 -1.04720134520625e-03
30 15 -1.22621924879008e-04
30 16 -2.71786140385569e-02
30 17 -3.13694456090463e-02
30 18 -7.15073098087749e-02
30 19 -2.52587393118131e-02
30 20 -5.03774795520060e-03
30 21 -6.96292526873872e-04
30 22 -1.80434394677059e-01
30 23 -5.21394515650907e-03
30 24 -7.28970980469120e-02
